,NO,기업명,기업코드 첨부내용,ESG등급,환경,사회,지배구조,평가년도,비고 (조정시기)
0,663,AK홀딩스,6840,B이하,B이하,B이하,B,2011,
1,662,BYC,1460,B이하,B이하,B이하,B,2011,
2,661,CJ,1040,B이하,,B이하,B+,2011,
3,660,CJ CGV,79160,B이하,,B이하,B,2011,
4,659,CJ대한통운,120,B+,B이하,B+,B,2011,
5,658,CJ씨푸드,11150,,,,C,2011,
6,657,CJ제일제당,97950,B+,A,B+,B+,2011,
7,656,CS홀딩스,590,,,,B,2011,
8,655,DB,12030,B이하,,B이하,B,2011,
9,654,DB금융투자,16610,B이하,,B이하,B,2011,
10,653,DB손해보험,5830,A,B+,A,A,2011,
11,652,DB하이텍,990,B이하,B+,B이하,B,2011,
12,651,DRB동일,4840,B이하,B이하,B이하,C,2011,
13,650,DSR제강,69730,B이하,,B이하,C,2011,
14,649,E1,17940,B이하,B이하,B이하,B+,2011,
15,648,F&F,7700,,,,B,2011,
16,647,GKL,114090,B+,,B+,B,2011,
17,646,GS,78930,,,,B+,2011,
18,645,GS건설,6360,A,A,A,A,2011,
19,644,GS글로벌,1250,B이하,B이하,B이하,B,2011,
20,643,JW중외제약,1060,B이하,B이하,B이하,B,2011,
21,642,JW홀딩스,96760,B이하,,B이하,B,2011,
22,641,KB금융,105560,A+,A,A+,A+,2011,
23,640,KB캐피탈,21960,B이하,,B이하,B+,2011,
24,639,KC그린홀딩스,9440,,B이하,,B,2011,
25,638,KEC,92220,B이하,B이하,B이하,C,2011,
26,637,KGP,109070,B이하,B이하,B이하,C,2011,
27,636,KG케미칼,1390,B이하,B이하,B이하,C,2011,
28,635,KISCO홀딩스,1940,,,,B+,2011,
29,634,KPX그린케미칼,83420,,B이하,,B,2011,
30,633,KPX케미칼,25000,,B이하,,B,2011,
31,632,KPX홀딩스,92230,,,,B,2011,
32,631,KR모터스,40,B이하,B이하,B이하,B,2011,
33,630,KSS해운,44450,B이하,,B이하,B,2011,
34,629,KTB투자증권,30210,B이하,B이하,B이하,B+,2011,
35,628,LF,93050,B이하,,B이하,B+,2011,
36,627,LG,3550,B이하,,B이하,B+,2011,
37,626,LG디스플레이,34220,B+,B+,B+,B+,2011,
38,625,LG상사,1120,B이하,B이하,B이하,B,2011,
39,624,LG생명과학,68870,B+,A,B+,B+,2011,
40,623,LG생활건강,51900,A,A,A,B+,2011,
41,622,LG유플러스,32640,B이하,,B이하,A,2011,
42,621,LG이노텍,11070,A,A,A,B+,2011,
43,620,LG전자,66570,A,A,A,B+,2011,
44,619,LG하우시스,108670,B이하,B+,B이하,B+,2011,
45,618,LG화학,51910,A,A,A,B+,2011,
46,617,LS,6260,B이하,,B이하,B+,2011,
47,616,LS네트웍스,680,B이하,,B이하,B,2011,
48,615,LS산전,10120,B이하,B이하,B이하,A,2011,
49,614,MH에탄올,23150,,B이하,,B,2011,
50,613,NAVER,35420,B+,B이하,B+,A,2011,
51,612,NH농협증권,16420,B이하,,B이하,B,2011,
52,611,NH투자증권,5940,B+,B이하,B+,A,2011,
53,610,NICE,34310,,,,B,2011,
54,609,NI스틸,8260,,,,B,2011,
55,608,OCI,10060,A,A,A,A,2011,
56,607,S&TC,100840,B이하,,B이하,B,2011,
57,606,S&T모티브,64960,B이하,B이하,B이하,B+,2011,
58,605,S&T중공업,3570,B이하,B이하,B이하,B,2011,
59,604,S&T홀딩스,36530,B이하,,B이하,B,2011,
60,603,S-Oil,10950,A,A+,A,A,2011,
61,602,SBS,34120,,,,B,2011,
62,601,SBS미디어홀딩스,101060,,,,B,2011,
63,600,SG세계물산,4060,B이하,,B이하,C,2011,
64,599,SG충방,1380,B이하,,B이하,C,2011,
65,598,SH에너지화학,2360,B이하,,B이하,C,2011,
66,597,SIMPAC,9160,B이하,,B이하,C,2011,
67,596,SK,3600,B이하,B이하,B이하,B+,2011,
68,595,SK,34730,B이하,,B이하,B+,2011,
69,594,SKC,11790,A,A+,A,A,2011,
70,593,SK가스,18670,B이하,B이하,B이하,B,2011,
71,592,SK네트웍스,1740,A+,B이하,A+,A,2011,
72,591,SK디스커버리,6120,B+,A,B+,B+,2011,
73,590,SK이노베이션,96770,A,,A,A+,2011,
74,589,SK증권,1510,B+,,B+,B+,2011,
75,588,SK텔레콤,17670,A+,A+,A+,A+,2011,
76,587,SK하이닉스,660,A+,A+,A+,A+,2011,
77,586,SPC삼립,5610,B이하,,B이하,B,2011,
78,585,STX,11810,B+,B+,B+,B+,2011,
79,584,STX엔진,77970,A,A,A,B,2011,
80,583,STX조선해양,67250,A,B+,A,B,2011,
81,582,STX중공업,71970,A,B+,A,B,2011,
82,581,TCC동양,2710,B이하,B이하,B이하,B,2011,
83,580,WISCOM,24070,B이하,,B이하,B,2011,
84,579,YG PLUS,37270,,,,C,2011,
85,578,가온전선,500,,B이하,,B,2011,
86,577,강남제비스코,860,,B이하,,B,2011,
87,576,강원랜드,35250,B이하,,B이하,B+,2011,
88,575,갤럭시아에스엠,11420,,,,B,2011,
89,574,경남기업,800,B이하,B이하,B이하,B,2011,
90,573,경남에너지,8020,B이하,,B이하,B,2011,
91,572,경농,2100,B이하,B이하,B이하,B,2011,
92,571,경동나비엔,9450,B이하,B이하,B이하,B,2011,
93,570,경동인베스트,12320,B이하,,B이하,B+,2011,
94,569,경방,50,B이하,,B이하,B,2011,
95,568,경인양행,12610,B이하,B이하,B이하,B,2011,
96,567,경인전자,9140,,,,B,2011,
97,566,계룡건설산업,13580,B이하,B이하,B이하,B,2011,
98,565,계양전기,12200,B이하,,B이하,B,2011,
99,564,고려개발,4200,B+,B이하,B+,B,2011,
100,563,고려산업,2140,B이하,,B이하,C,2011,
101,562,고려아연,10130,B이하,B이하,B이하,B+,2011,
102,561,고려제강,2240,B이하,,B이하,C,2011,
103,560,골든브릿지증권,1290,,,,C,2011,
104,559,광동제약,9290,B이하,B이하,B이하,C,2011,
105,558,광명전기,17040,,B이하,,B,2011,
106,557,광전자,17900,,B이하,,C,2011,
107,556,광주신세계,37710,B+,B이하,B+,B+,2011,
108,555,교보증권,30610,B+,,B이하,C,2011,
109,554,국도화학,7690,B이하,B이하,B이하,B,2011,
110,553,국동,5320,B이하,,B이하,B,2011,
111,552,국보,1140,B이하,B이하,B이하,B,2011,
112,551,국제약품,2720,B이하,B이하,B이하,B,2011,
113,550,그린손해보험,470,B이하,B이하,B이하,B,2011,
114,549,극동유화,14530,B이하,B이하,B이하,B,2011,
115,548,금강공업,14280,B이하,,B이하,B,2011,
116,547,금비,8870,,,,C,2011,
117,546,금양,1570,,,,B,2011,
118,545,금호산업,2990,B+,B이하,B+,C,2011,
119,544,금호석유화학,11780,A,A,A,B+,2011,
120,543,금호전기,1210,B이하,B이하,B이하,B,2011,
121,542,기신정기,92440,B이하,,B이하,B+,2011,
122,541,기아자동차,270,A,A,A,B+,2011,
123,540,기업은행,24110,B+,,B+,B+,2011,
124,539,까뮤이앤씨,13700,B이하,B이하,B이하,B,2011,
125,538,깨끗한나라,4540,B이하,B+,B이하,B,2011,
126,537,나노메딕스,74610,B이하,,B이하,C,2011,
127,536,남광토건,1260,B이하,B이하,B이하,C,2011,
128,535,남선알미늄,8350,,B이하,,C,2011,
129,534,남성,4270,,,,C,2011,
130,533,남양유업,3920,,,,B,2011,
131,532,남영비비안,2070,B이하,,B이하,B,2011,
132,531,남해화학,25860,B이하,B이하,B이하,B,2011,
133,530,넥센,5720,B이하,,B이하,B,2011,
134,529,넥센타이어,2350,B이하,B이하,B이하,C,2011,
135,528,노루페인트,90350,B이하,B이하,B이하,B,2011,
136,527,노루홀딩스,320,,,,B,2011,
137,526,녹십자,6280,B이하,B이하,B이하,B,2011,
138,525,녹십자홀딩스,5250,B이하,,B이하,B,2011,
139,524,농심,4370,B이하,B이하,B이하,B,2011,
140,523,농심홀딩스,72710,B이하,,B이하,B,2011,
141,522,다우기술,23590,B이하,,B이하,C,2011,
142,521,다우인큐브,20120,,,,C,2011,
143,520,다함이텍,9280,,,,B,2011,
144,519,대경기계기술,15590,B이하,B이하,B이하,B,2011,
145,518,대교,19680,B이하,,B이하,A,2011,
146,517,대구백화점,6370,B이하,B이하,B이하,B+,2011,
147,516,대덕GDS,4130,B이하,A,B이하,B,2011,
148,515,대덕전자,8060,B이하,B이하,B이하,B,2011,
149,514,대동공업,490,B이하,B이하,B이하,B,2011,
150,513,대동전자,8110,,,,C,2011,
151,512,대림비앤코,5750,,B이하,,B,2011,
152,511,대림산업,210,A,A,A,B+,2011,
153,510,대림통상,6570,B이하,B이하,B이하,C,2011,
154,509,대상,1680,B이하,B이하,B이하,B,2011,
155,508,대상홀딩스,84690,,,,B,2011,
156,507,대성합동지주,5620,B이하,B이하,B이하,B,2011,
157,506,대성홀딩스,16710,,,,B,2011,
158,505,대신증권,3540,B이하,,B이하,A,2011,
159,504,대양금속,9190,,,,C,2011,
160,503,대영포장,14160,B이하,B이하,B이하,C,2011,
161,502,대우건설,47040,B이하,B이하,B이하,B,2011,
162,501,대우부품,9320,B이하,,B이하,C,2011,
163,500,대우자동차판매,4550,,B이하,,B,2011,
164,499,대우조선해양,42660,B+,A,B+,B+,2011,
165,498,대웅,3090,B이하,,B이하,B,2011,
166,497,대웅제약,69620,B+,,B이하,B,2011,
167,496,대원강업,430,B이하,B이하,B이하,C,2011,
168,495,대원전선,6340,,B이하,,C,2011,
169,494,대원제약,3220,B이하,,B이하,B+,2011,
170,493,대원화성,24890,,B이하,,B,2011,
171,492,대유에이텍,2880,B이하,B이하,B이하,C,2011,
172,491,대유플러스,300,B이하,B이하,B이하,B,2011,
173,490,대창,12800,B이하,B이하,B이하,C,2011,
174,489,대창단조,15230,,B이하,,C,2011,
175,488,대한방직,1070,,,,B,2011,
176,487,대한유화,6650,B이하,B이하,B이하,B,2011,
177,486,대한전선,1440,,B이하,,B,2011,
178,485,대한제강,84010,B+,B이하,B이하,B,2011,
179,484,대한제당,1790,B이하,,B이하,B,2011,
180,483,대한제분,1130,B이하,,B이하,B,2011,
181,482,대한항공,3490,A,A,A,B+,2011,
182,481,대한화섬,3830,B이하,B이하,B이하,C,2011,
183,480,대현,16090,,,,B+,2011,
184,479,대호에이엘,69460,,B이하,,B,2011,
185,478,더존비즈온,12510,B이하,,B이하,B,2011,
186,477,덕성,4830,,,,B,2011,
187,476,덕양산업,24900,,,,C,2011,
188,475,도레이케미칼,8000,A,A,A,B,2011,
189,474,동국실업,1620,,B이하,,C,2011,
190,473,동국제강,1230,B이하,B이하,B이하,B+,2011,
191,472,동남합성,23450,,,,C,2011,
192,471,동방,4140,B이하,B이하,B이하,B,2011,
193,470,동방아그로,7590,B이하,,B이하,B,2011,
194,469,동부건설,5960,B이하,B이하,B이하,B+,2011,
195,468,동부제철,16380,B+,B+,B+,B+,2011,
196,467,동성제약,2210,B이하,,B이하,B,2011,
197,466,동성코퍼레이션,102260,B이하,,B이하,B,2011,
198,465,동성화학,5190,B이하,B이하,B이하,B,2011,
199,464,동아쏘시오홀딩스,640,B이하,B이하,B이하,B+,2011,
200,463,동아에스텍,58730,B이하,B이하,B이하,B,2011,
201,462,동아지질,28100,B이하,B이하,B이하,B,2011,
202,461,동양,1520,B이하,,B이하,B,2011,
203,460,동양고속,84670,B이하,,B이하,B,2011,
204,459,동양물산기업,2900,B이하,B이하,B이하,B,2011,
205,458,동양생명,82640,B이하,,B이하,B+,2011,
206,457,동양철관,8970,B이하,B이하,B이하,C,2011,
207,456,동원,3580,,,,C,2011,
208,455,동원F&B,49770,B이하,B이하,B이하,C,2011,
209,454,동원금속,18500,,B이하,,C,2011,
210,453,동원산업,6040,B이하,,B이하,C,2011,
211,452,동원수산,30720,,,,C,2011,
212,451,동원시스템즈,14820,,B이하,,C,2011,
213,450,동일방직,1530,,,,B,2011,
214,449,동일산업,4890,,B이하,,B,2011,
215,448,동일제지,19300,B이하,,B이하,B,2011,
216,447,동화약품,20,B이하,B이하,B이하,B+,2011,
217,446,두산,150,A,A,A,A+,2011,
218,445,두산건설,11160,B+,B+,B+,A+,2011,
219,444,두산인프라코어,42670,B+,A,B+,A+,2011,
220,443,두산중공업,34020,B+,B이하,B+,A,2011,
221,442,디씨엠,24090,B이하,,B이하,B,2011,
222,441,디아이,3160,B이하,B이하,B이하,B,2011,
223,440,디아이씨,92200,B이하,B이하,B이하,B,2011,
224,439,디와이,13570,B이하,B이하,B이하,B,2011,
225,438,디티알오토모티브,7340,B이하,,B이하,B,2011,
226,437,디피씨,26890,B이하,,B이하,B,2011,
227,436,로케트전기,420,B이하,,B이하,C,2011,
228,435,롯데관광개발,32350,B이하,B이하,B이하,B,2011,
229,434,롯데미도파,4010,B이하,,B이하,C,2011,
230,433,롯데손해보험,400,B이하,,B이하,B,2011,
231,432,롯데쇼핑,23530,A,A,A,B+,2011,
232,431,롯데정밀화학,4000,A,B+,A,B+,2011,
233,430,롯데지주,4990,B이하,B이하,B이하,B,2011,
234,429,롯데칠성음료,5300,B이하,B이하,B이하,B,2011,
235,428,롯데케미칼,11170,A+,A,A+,B,2011,
236,427,롯데푸드,2270,B이하,B이하,B이하,C,2011,
237,426,마니커,27740,B이하,,B이하,C,2011,
238,425,만호제강,1080,B이하,,B이하,B,2011,
239,424,메디플란트,15540,,,,C,2011,
240,423,메리츠종금증권,8560,B이하,,B이하,B,2011,
241,422,메리츠화재,60,B+,B이하,B+,A,2011,
242,421,명문제약,17180,B이하,,B이하,B+,2011,
243,420,모나리자,12690,B이하,,B이하,C,2011,
244,419,모나미,5360,B이하,B이하,B이하,B,2011,
245,418,모토닉,9680,,B이하,,B,2011,
246,417,무림P&P,9580,B이하,B이하,B이하,B,2011,
247,416,무림페이퍼,9200,B이하,B이하,B이하,B,2011,
248,415,문배철강,8420,,,,B,2011,
249,414,미래산업,25560,B이하,B이하,B이하,B+,2011,
250,413,미래아이앤지,7120,B이하,,B이하,C,2011,
251,412,미래에셋대우,6800,B+,B이하,B+,B+,2011,
252,411,미래에셋증권,37620,B이하,,B이하,B,2011,
253,410,미원상사,2840,B이하,B이하,B이하,B,2011,
254,409,미원홀딩스,107590,B이하,B이하,B이하,C,2011,
255,408,미창석유공업,3650,B이하,,B이하,B,2011,
256,407,방림,3610,,B이하,,B,2011,
257,406,배명금속,11800,B이하,,B이하,C,2011,
258,405,백광산업,1340,,B이하,,B,2011,
259,404,백광소재,14580,B이하,,B이하,C,2011,
260,403,백산,35150,B이하,B이하,B이하,C,2011,
261,402,범양건영,2410,,B이하,,C,2011,
262,401,벽산건설,2530,B이하,B이하,B이하,C,2011,
263,400,보락,2760,B이하,B이하,B이하,B,2011,
264,399,보령제약,3850,B이하,,B이하,B,2011,
265,398,보루네오가구,4740,,B이하,,B,2011,
266,397,보해양조,890,,,,B,2011,
267,396,부광약품,3000,B이하,,B이하,B+,2011,
268,395,부국증권,1270,B이하,,B이하,B,2011,
269,394,부국철강,26940,,,,B,2011,
270,393,부산도시가스,15350,B+,,B+,B,2011,
271,392,부산산업,11390,,,,C,2011,
272,391,부산주공,5030,B이하,B이하,B이하,B,2011,
273,390,비상교육,100220,B이하,,B이하,B,2011,
274,389,빙그레,5180,B+,,B+,B,2011,
275,388,사조대림,3960,B이하,,B이하,B,2011,
276,387,사조동아원,8040,B이하,B이하,B이하,B,2011,
277,386,사조산업,7160,B이하,,B이하,B,2011,
278,385,사조오양,6090,,,,B,2011,
279,384,사조해표,79660,B이하,,B이하,B,2011,
280,383,삼광글라스,5090,B이하,,B이하,C,2011,
281,382,삼성SDI,6400,A+,A+,A+,B,2011,
282,381,삼성공조,6660,,B이하,,B,2011,
283,380,삼성물산,830,A+,A,A+,B+,2011,
284,379,삼성엔지니어링,28050,B+,B이하,B+,B+,2011,
285,378,삼성전기,9150,A+,A+,A+,B+,2011,
286,377,삼성전자,5930,A,A+,A,A,2011,
287,376,삼성제약,1360,B이하,,B이하,B,2011,
288,375,삼성중공업,10140,B이하,B+,B이하,B,2011,
289,374,삼성증권,16360,A,B+,A,A,2011,
290,373,삼성출판사,68290,B이하,,B이하,B,2011,
291,372,삼성카드,29780,B+,,B+,B+,2011,
292,371,삼성화재해상보험,810,A,B+,A,A,2011,
293,370,삼아알미늄,6110,,B이하,,B,2011,
294,369,삼양식품,3230,B이하,,B이하,B,2011,
295,368,삼양엔텍,8720,B이하,,B이하,C,2011,
296,367,삼양옵틱스,8080,B이하,B이하,B이하,C,2011,
297,366,삼양제넥스,3940,B이하,B이하,B이하,B,2011,
298,365,삼양통상,2170,,B이하,,B,2011,
299,364,삼양홀딩스,70,B이하,B+,B이하,B,2011,
300,363,삼영무역,2810,B이하,,B이하,B,2011,
301,362,삼영전자공업,5680,B+,,B+,B,2011,
302,361,삼영화학공업,3720,B이하,,B이하,B,2011,
303,360,삼익THK,4380,B이하,,B이하,B,2011,
304,359,삼익악기,2450,B이하,,B이하,B,2011,
305,358,삼일제약,520,B이하,,B이하,B,2011,
306,357,삼정펄프,9770,B이하,,B이하,B,2011,
307,356,삼진제약,5500,B이하,,B이하,B+,2011,
308,355,삼천리,4690,B이하,B이하,B이하,B+,2011,
309,354,삼호,1880,B이하,B이하,B이하,B,2011,
310,353,삼호개발,10960,B이하,,B이하,B,2011,
311,352,삼화왕관,4450,B이하,B이하,B이하,B,2011,
312,351,삼화전기,9470,B이하,B이하,B이하,C,2011,
313,350,삼화전자공업,11230,B이하,B이하,B이하,C,2011,
314,349,삼화콘덴서공업,1820,,B이하,,C,2011,
315,348,삼화페인트공업,390,B이하,B이하,B이하,B+,2011,
316,347,삼환기업,360,B이하,B이하,B이하,B,2011,
317,346,상신브레이크,41650,B이하,B이하,B이하,B,2011,
318,345,새론오토모티브,75180,,B이하,,C,2011,
319,344,샘표,7540,B이하,,B이하,B,2011,
320,343,서연,7860,B이하,B이하,B이하,C,2011,
321,342,서울도시가스,17390,B이하,B이하,B이하,B+,2011,
322,341,서울식품공업,4410,,B이하,,B,2011,
323,340,서울저축은행,16560,B이하,,B이하,C,2011,
324,339,서원,21050,B이하,B이하,B이하,B,2011,
325,338,서흥,8490,B이하,,B이하,B,2011,
326,337,선도전기,7610,B이하,B이하,B이하,B,2011,
327,336,선진지주,14300,B이하,,B이하,C,2011,
328,335,선창산업,2820,B이하,B이하,B이하,B,2011,
329,334,성문전자,14910,B이하,B이하,B이하,C,2011,
330,333,성보화학,3080,,,,B,2011,
331,332,성신양회,4980,B이하,B이하,B이하,B+,2011,
332,331,성안,11300,B이하,,B이하,C,2011,
333,330,성창기업지주,180,B이하,B이하,B이하,C,2011,
334,329,세기상사,2420,,,,B,2011,
335,328,세방,4360,B이하,B이하,B이하,B,2011,
336,327,세방전지,4490,B이하,B이하,B이하,B,2011,
337,326,세아베스틸,1430,B이하,B이하,B이하,B,2011,
338,325,세아제강,3030,B이하,B이하,B이하,B,2011,
339,324,세아홀딩스,58650,B이하,,B이하,B,2011,
340,323,세우글로벌,13000,,,,B,2011,
341,322,세원셀론텍,91090,B이하,,B이하,B,2011,
342,321,세원정공,21820,B이하,B이하,B이하,C,2011,
343,320,세이브존I&C,67830,B이하,,B이하,B,2011,
344,319,세종공업,33530,B이하,B이하,B이하,B,2011,
345,318,세하,27970,B이하,B이하,B이하,B,2011,
346,317,솔로몬저축은행,7800,B이하,,B이하,B+,2011,
347,316,송원산업,4430,B이하,B이하,B이하,B,2011,
348,315,수산중공업,17550,B이하,B이하,B이하,C,2011,
349,314,신대양제지,16590,B이하,B이하,B이하,C,2011,
350,313,신도리코,29530,B이하,B이하,B이하,C,2011,
351,312,신라교역,4970,,,,B,2011,
352,311,신성에프에이,104120,B이하,,B이하,C,2011,
353,310,신성이엔지,104110,B이하,,B이하,C,2011,
354,309,신성이엔지,11930,B이하,,B이하,B,2011,
355,308,신성통상,5390,B이하,,B이하,C,2011,
356,307,신세계,4170,B이하,B이하,B이하,A,2011,
357,306,신세계I&C,35510,B이하,,B이하,B,2011,
358,305,신세계건설,34300,B이하,B이하,B이하,B,2011,
359,304,신영와코루,5800,B이하,,B이하,C,2011,
360,303,신영증권,1720,B이하,,B이하,B+,2011,
361,302,신원,9270,B이하,,B이하,B,2011,
362,301,신일건업,14350,B이하,,B이하,B,2011,
363,300,신일산업,2700,B이하,B이하,B이하,C,2011,
364,299,신풍제약,19170,B이하,B이하,B이하,B,2011,
365,298,신풍제지,2870,B이하,B이하,B이하,B,2011,
366,297,신한,5450,,B이하,,C,2011,
367,296,신한지주,55550,A,A,A,A,2011,
368,295,신화실업,1770,,,,B,2011,
369,294,신흥,4080,B이하,,B이하,B+,2011,
370,293,쌍방울,102280,B이하,,B이하,C,2011,
371,292,쌍용양회공업,3410,B이하,B+,B이하,B,2011,
372,291,써니전자,4770,B이하,B이하,B이하,C,2011,
373,290,씨아이테크,4920,,,,B,2011,
374,289,아남전자,8700,,B이하,,B,2011,
375,288,아모레퍼시픽,90430,A,A,A,A,2011,
376,287,아모레퍼시픽그룹,2790,,,,B,2011,
377,286,아비스타,90370,,,,B,2011,
378,285,아세아,2030,B이하,B+,B이하,B,2011,
379,284,아세아제지,2310,B이하,B이하,B이하,C,2011,
380,283,아세아페이퍼텍,9380,,B이하,,B,2011,
381,282,아시아나항공,20560,B+,A,B+,B,2011,
382,281,아이에스동서,10780,B이하,B이하,B이하,C,2011,
383,280,아이에이치큐,3560,,,,B,2011,
384,279,아주캐피탈,33660,B이하,,B이하,B+,2011,
385,278,알루코,1780,B이하,B이하,B이하,B,2011,
386,277,알보젠코리아,2250,B이하,,B이하,B,2011,
387,276,알앤엘바이오,3190,B이하,,B이하,C,2011,
388,275,에넥스,11090,B이하,,B이하,B,2011,
389,274,에스엘,5850,B이하,B이하,B이하,B,2011,
390,273,에스원,12750,B+,,B+,B+,2011,
391,272,에스제이엠홀딩스,25530,B이하,B이하,B이하,C,2011,
392,271,에쓰씨엔지니어링,23960,B이하,,B이하,C,2011,
393,270,에이엔피,15260,,B이하,,C,2011,
394,269,에이프로젠KIC,7460,B이하,B이하,B이하,C,2011,
395,268,에이프로젠제약,3060,B이하,,B이하,C,2011,
396,267,엔씨소프트,36570,B이하,,B이하,B+,2011,
397,266,엔케이,85310,B이하,B이하,B이하,C,2011,
398,265,엔케이물산,9810,B이하,,B이하,C,2011,
399,264,엔피씨,4250,B이하,,B이하,B,2011,
400,263,영보화학,14440,B이하,B이하,B이하,C,2011,
401,262,영원무역,111770,,,,B,2011,
402,261,영원무역홀딩스,9970,,,,B,2011,
403,260,영진약품,3520,B이하,B이하,B이하,B,2011,
404,259,영풍,670,,B이하,,C,2011,
405,258,영풍제지,6740,,B이하,,C,2011,
406,257,영화금속,12280,,,,C,2011,
407,256,예스코,15360,B+,,B+,B+,2011,
408,255,오뚜기,7310,B이하,,B이하,C,2011,
409,254,오리엔트바이오,2630,,,,C,2011,
410,253,오리온홀딩스,1800,B이하,,B이하,B,2011,
411,252,와이비로드,10600,,,,C,2011,
412,251,우리금융지주,53000,B+,B+,B+,A,2011,
413,250,우리들제약,4720,B이하,,B이하,C,2011,
414,249,우리들휴브레인,118000,B이하,,B이하,C,2011,
415,248,우리종금,10050,B이하,,B이하,A,2011,
416,247,우성사료,6980,B이하,,B이하,C,2011,
417,246,우신시스템,17370,,,,C,2011,
418,245,우진플라임,49800,,,,C,2011,
419,244,웅진,16880,B이하,B이하,B이하,B,2011,
420,243,웅진씽크빅,95720,B+,B+,B+,B+,2011,
421,242,원림,5820,,,,C,2011,
422,241,윌비스,8600,B이하,,B이하,B,2011,
423,240,유나이티드,33270,B이하,,B이하,C,2011,
424,239,유니드,14830,B이하,B이하,B이하,C,2011,
425,238,유니온,910,B이하,B이하,B이하,B,2011,
426,237,유니온머티리얼,47400,,B이하,,B,2011,
427,236,유니온스틸,3640,,B이하,,C,2011,
428,235,유니퀘스트,77500,,,,C,2011,
429,234,유성기업,2920,B이하,B이하,B이하,C,2011,
430,233,유수홀딩스,700,B+,B+,B+,B+,2011,
431,232,유안타증권,3470,B이하,,B이하,B,2011,
432,231,유양디앤유,11690,,B이하,,C,2011,
433,230,유엔젤,72130,B이하,,B이하,C,2011,
434,229,유유제약,220,B이하,,B이하,B,2011,
435,228,유진증권,1200,B이하,,B이하,C,2011,
436,227,유한양행,100,B이하,B이하,B이하,B,2011,
437,226,유화증권,3460,B이하,,B이하,B+,2011,
438,225,율촌화학,8730,B이하,,B이하,B,2011,
439,224,이건산업,8250,B이하,B이하,B이하,C,2011,
440,223,이구산업,25820,,B이하,,C,2011,
441,222,이수페타시스,7660,B이하,B이하,B이하,C,2011,
442,221,이수화학,5950,B이하,B이하,B이하,B,2011,
443,220,이스타코,15020,B이하,,B이하,C,2011,
444,219,이아이디,93230,B이하,B이하,B이하,B,2011,
445,218,이월드,84680,B이하,,B이하,C,2011,
446,217,이화산업,760,B이하,B이하,B이하,C,2011,
447,216,인디에프,14990,B이하,B이하,B이하,B,2011,
448,215,인스코비,6490,,B이하,,C,2011,
449,214,인지컨트롤스,23800,,B이하,,C,2011,
450,213,인천도시가스,34590,B이하,,B이하,C,2011,
451,212,인팩,23810,B이하,B이하,B이하,C,2011,
452,211,일동홀딩스,230,B이하,B이하,B이하,B,2011,
453,210,일성건설,13360,B이하,B이하,B이하,C,2011,
454,209,일성신약,3120,B이하,,B이하,C,2011,
455,208,일신방직,3200,B이하,,B이하,B,2011,
456,207,일신석재,7110,B이하,,B이하,C,2011,
457,206,일양약품,7570,B이하,,B이하,B,2011,
458,205,일정실업,8500,B이하,,B이하,C,2011,
459,204,일진다이아,81000,B이하,B이하,B이하,C,2011,
460,203,일진디스플,20760,,B이하,,C,2011,
461,202,일진전기,103590,B+,B+,B+,B,2011,
462,201,일진홀딩스,15860,B이하,B이하,,C,2011,
463,200,자화전자,33240,B이하,B이하,B이하,C,2011,
464,199,전방,950,B이하,,B이하,C,2011,
465,198,제이에스전선,5560,B이하,B이하,B이하,B+,2011,
466,197,제이준코스메틱,25620,B이하,,B이하,B,2011,
467,196,제일기획,30000,,,,B,2011,
468,195,제일모직,1300,A,A+,A,A,2011,
469,194,제일연마,1560,B이하,B이하,B이하,C,2011,
470,193,제일저축은행,24100,B이하,,B이하,B+,2011,
471,192,제일파마홀딩스,2620,B이하,B이하,B이하,C,2011,
472,191,조광페인트,4910,B이하,B이하,B이하,C,2011,
473,190,조광피혁,4700,,,,C,2011,
474,189,조비,1550,B이하,,B이하,C,2011,
475,188,조선내화,480,B이하,,B이하,C,2011,
476,187,조일알미늄,18470,,B이하,,B,2011,
477,186,조흥,2600,,B이하,,B,2011,
478,185,종근당바이오,63160,,B이하,,C,2011,
479,184,종근당홀딩스,1630,B이하,,B이하,B,2011,
480,183,주연테크,44380,B이하,,B이하,B,2011,
481,182,중앙건설,15110,B이하,,B이하,B,2011,
482,181,지코,10580,,,,C,2011,
483,180,지투알,35000,,,,B,2011,
484,179,진도,88790,,,,B,2011,
485,178,진양산업,3780,,,,C,2011,
486,177,진양폴리우레탄,10640,,,,B,2011,
487,176,진양홀딩스,100250,B이하,,B이하,B,2011,
488,175,진양화학,51630,,B이하,,B,2011,
489,174,진원생명과학,11000,B이하,,B이하,B,2011,
490,173,진흥기업,2780,B이하,B이하,B이하,B,2011,
491,172,진흥저축은행,7200,B이하,,B이하,B+,2011,
492,171,참엔지니어링,9310,B이하,,B이하,B,2011,
493,170,천일고속,650,,,,C,2011,
494,169,청호컴넷,12600,B이하,,B이하,B,2011,
495,168,체시스,33250,B이하,B이하,B이하,C,2011,
496,167,카프로,6380,B이하,B이하,B이하,B,2011,
497,166,케이비물산,8540,B이하,,B이하,B,2011,
498,165,케이씨,29460,B+,,B+,B,2011,
499,164,케이씨씨,2380,B이하,B이하,B이하,B,2011,
500,163,케이씨티시,9070,B이하,B이하,B이하,B,2011,
501,162,케이티,30200,A,A,A,A+,2011,
502,161,케이티앤지,33780,B+,A,B+,A+,2011,
503,160,케이피케미칼,64420,B이하,B이하,B이하,B,2011,
504,159,코리아써키트,7810,B이하,B이하,B이하,B,2011,
505,158,코리안리,3690,B이하,,B이하,A,2011,
506,157,코스맥스비티아이,44820,B이하,B이하,B이하,B,2011,
507,156,코스모신소재,5070,B이하,,B이하,B,2011,
508,155,코스모화학,5420,B이하,B이하,B이하,B,2011,
509,154,코아스,71950,B이하,B이하,B이하,C,2011,
510,153,코오롱,2020,B이하,B이하,B이하,B,2011,
511,152,코오롱글로벌,3070,B이하,B이하,B이하,B,2011,
512,151,코원에너지서비스,26870,B이하,,B이하,B,2011,
513,150,코웨이,21240,A,A,A,B+,2011,
514,149,콤텍시스템,31820,B이하,,B이하,B,2011,
515,148,크라운해태홀딩스,5740,B이하,,B이하,B,2011,
516,147,키움증권,39490,B이하,,B이하,B,2011,
517,146,키위미디어그룹,12170,,B이하,,C,2011,
518,145,태경산업,15890,B이하,,B이하,B,2011,
519,144,태경화학,6890,B이하,,B이하,C,2011,
520,143,태광산업,3240,B이하,B이하,B이하,B,2011,
521,142,태림포장,11280,,B이하,,C,2011,
522,141,태양금속공업,4100,B이하,B이하,B이하,B,2011,
523,140,태영건설,9410,,B이하,,B+,2011,
524,139,태원물산,1420,,,,B,2011,
525,138,태평양물산,7980,B이하,,B이하,B,2011,
526,137,태평양제약,16570,B이하,B이하,B이하,B,2011,
527,136,텔코웨어,78000,B이하,,B이하,B,2011,
528,135,티비에이치글로벌,84870,B이하,,B이하,B,2011,
529,134,티에이치엔,19180,B이하,B이하,B이하,C,2011,
530,133,티이씨코,8900,,,,C,2011,
531,132,파미셀,5690,,,,C,2011,
532,131,파브코,101990,B이하,B이하,B이하,B,2011,
533,130,팜스코,36580,B이하,B이하,B이하,C,2011,
534,129,팬오션,28670,B이하,B+,B이하,B+,2011,
535,128,퍼스텍,10820,B이하,,B이하,B,2011,
536,127,퍼시스,16800,B이하,B이하,B이하,B,2011,
537,126,페이퍼코리아,1020,B이하,,B이하,C,2011,
538,125,평화산업,90080,B이하,B이하,B이하,B,2011,
539,124,평화홀딩스,10770,B이하,,B이하,B,2011,
540,123,포스코,5490,A+,A+,A+,A+,2011,
541,122,포스코강판,58430,B이하,B이하,B이하,B,2011,
542,121,포스코대우,47050,B이하,B이하,B이하,B,2011,
543,120,포스코플랜텍,51310,B+,B+,B+,B+,2011,
544,119,폴루스바이오팜,7630,B이하,B이하,B이하,C,2011,
545,118,풀무원,17810,A,B이하,A,A,2011,
546,117,풍림산업,1310,B이하,B이하,B이하,B,2011,
547,116,풍산,103140,B이하,B+,B이하,B+,2011,
548,115,풍산홀딩스,5810,B이하,,B이하,B,2011,
549,114,필룩스,33180,B이하,B이하,B이하,B,2011,
550,113,하나금융지주,86790,B+,B이하,B+,A+,2011,
551,112,하이스틸,71090,B이하,,B이하,B,2011,
552,111,하이트론씨스템즈,19490,,,,B,2011,
553,110,하이트맥주,103150,B이하,B이하,B이하,B+,2011,
554,109,하이트진로,80,,B+,,B,2011,
555,108,하이트진로홀딩스,140,,,,B+,2011,
556,107,한국가스공사,36460,A,B+,A,A,2011,
557,106,한국개발금융,10460,,,,B+,2011,
558,105,한국공항,5430,B이하,B이하,B이하,C,2011,
559,104,한국금융지주,71050,,,,A,2011,
560,103,한국내화,10040,B이하,,B이하,B,2011,
561,102,한국단자공업,25540,B이하,B이하,B이하,B,2011,
562,101,한국석유공업,4090,B이하,B이하,B이하,B,2011,
563,100,한국수출포장공업,2200,,B이하,,B,2011,
564,99,한국쉘석유,2960,B이하,,B이하,B,2011,
565,98,한국유리공업,2000,B이하,B이하,B이하,C,2011,
566,97,한국저축은행,25610,B이하,,B이하,B+,2011,
567,96,한국전력공사,15760,A+,,A+,A,2011,
568,95,한국전자홀딩스,6200,B이하,,B이하,B,2011,
569,94,한국제지,2300,B이하,B이하,B이하,B,2011,
570,93,한국주강,25890,,,,B,2011,
571,92,한국주철관공업,970,B이하,,B이하,B,2011,
572,91,한국철강,104700,B+,,B+,B+,2011,
573,90,한국카본,17960,B이하,B이하,B이하,B,2011,
574,89,한국콜마홀딩스,24720,B이하,B이하,B이하,B,2011,
575,88,한국타이어월드와이드,240,B+,A,B+,B+,2011,
576,87,한국특수형강,7280,B이하,,B이하,B,2011,
577,86,한국프랜지공업,10100,B이하,B이하,B이하,B,2011,
578,85,한국화장품제조,3350,B이하,,B이하,C,2011,
579,84,한농화성,11500,B이하,B이하,B이하,B,2011,
580,83,한독,2390,B+,B+,B이하,B+,2011,
581,82,한라,14790,B이하,B이하,B이하,B,2011,
582,81,한미글로벌,53690,B+,B이하,B+,B,2011,
583,80,한미반도체,42700,B이하,,B이하,B+,2011,
584,79,한미사이언스,8930,,,,B,2011,
585,78,한샘,9240,B+,B이하,B+,B,2011,
586,77,한섬,20000,B이하,,B이하,B,2011,
587,76,한성기업,3680,B이하,,B이하,C,2011,
588,75,한세실업,105630,B이하,,B이하,B,2011,
589,74,한세예스24홀딩스,16450,,,,B,2011,
590,73,한솔로지스틱스,9180,B이하,B이하,B이하,C,2011,
591,72,한솔아트원제지,7190,B이하,B이하,B이하,B,2011,
592,71,한솔케미칼,14680,B이하,B+,B이하,B,2011,
593,70,한솔테크닉스,4710,B이하,,B이하,B,2011,
594,69,한솔피엔에스,10420,B이하,,B이하,C,2011,
595,68,한솔홀딩스,4150,B+,B+,B+,B+,2011,
596,67,한솔홈데코,25750,,B이하,,C,2011,
597,66,한신공영,4960,,B이하,,B,2011,
598,65,한신기계공업,11700,,B이하,,B,2011,
599,64,한양증권,1750,B+,B이하,B+,B+,2011,
600,63,한온시스템,18880,B이하,A,B이하,C,2011,
601,62,한올바이오파마,9420,B+,,B+,B,2011,
602,61,한익스프레스,14130,B이하,B이하,B이하,B,2011,
603,60,한일건설,6440,,B이하,,C,2011,
604,59,한일시멘트,3300,B이하,B이하,B이하,B,2011,
605,58,한일철강,2220,,B이하,,C,2011,
606,57,한전KPS,51600,A,B이하,A,B,2011,
607,56,한전기술,52690,A,B이하,A,B,2011,
608,55,한진,2320,B이하,,B이하,B,2011,
609,54,한진중공업,97230,B이하,B이하,B이하,B+,2011,
610,53,한진중공업홀딩스,3480,B이하,,B이하,B+,2011,
611,52,한진해운,117930,B+,B이하,B+,B+,2011,
612,51,한창,5110,B이하,,B이하,C,2011,
613,50,한창제지,9460,B이하,,B이하,B,2011,
614,49,한화,880,B이하,B+,B이하,A,2011,
615,48,한화갤러리아타임월드,27390,B+,B이하,B+,B,2011,
616,47,한화손해보험,370,B이하,B이하,B이하,B+,2011,
617,46,한화케미칼,9830,A,A,A,B+,2011,
618,45,한화테크윈,12450,B+,A,B+,B+,2011,
619,44,한화투자증권,3530,B이하,,B이하,B+,2011,
620,43,한화화인케미칼,25850,B이하,B이하,B이하,B,2011,
621,42,현대DSF,16510,B+,,B+,B,2011,
622,41,현대EP,89470,B이하,B이하,B이하,B,2011,
623,40,현대건설,720,A,A,A,B+,2011,
624,39,현대그린푸드,5440,B이하,,B이하,B,2011,
625,38,현대글로비스,86280,B+,B이하,B+,B,2011,
626,37,현대리바트,79430,B이하,B이하,B이하,B,2011,
627,36,현대모비스,12330,A,B+,A,B+,2011,
628,35,현대미포조선,10620,B+,,B이하,B,2011,
629,34,현대백화점,69960,B+,,B+,B+,2011,
630,33,현대비앤지스틸,4560,B이하,B이하,B이하,B,2011,
631,32,현대산업개발,12630,B이하,B이하,B이하,B+,2011,
632,31,현대상선,11200,A,A,A,A,2011,
633,30,현대시멘트,6390,B이하,B이하,B이하,C,2011,
634,29,현대약품,4310,B이하,B이하,B이하,B+,2011,
635,28,현대엘리베이터,17800,B+,B이하,B+,B+,2011,
636,27,현대자동차,5380,A+,A,A+,A,2011,
637,26,현대제철,4020,A,B+,A,B+,2011,
638,25,현대종합상사,11760,,,,B,2011,
639,24,현대중공업,9540,B이하,B+,B이하,A,2011,
640,23,현대차투자증권,1500,,,,B,2011,
641,22,현대페인트,11720,B이하,B이하,B이하,C,2011,
642,21,현대하이스코,10520,B이하,B이하,B이하,B+,2011,
643,20,현대해상,1450,A,B+,A,A,2011,
644,19,형지엘리트,93240,B이하,B이하,B이하,B,2011,
645,18,혜인,3010,B이하,,B이하,C,2011,
646,17,호텔신라,8770,B이하,B이하,B이하,B,2011,
647,16,화성산업,2460,B+,,B+,B+,2011,
648,15,화승알앤에이,13520,B이하,B이하,B이하,B,2011,
649,14,화승인더스트리,6060,B이하,B이하,B이하,C,2011,
650,13,화신,10690,B이하,,B이하,C,2011,
651,12,화천기계,10660,B이하,B이하,B이하,B,2011,
652,11,화천기공,850,B이하,,B이하,B,2011,
653,10,환인제약,16580,B이하,,B이하,B,2011,
654,9,황금에스티,32560,B이하,,B이하,B,2011,
655,8,효성,4800,B이하,B+,B이하,B+,2011,
656,7,효성 ITX,94280,B이하,,B이하,C,2011,
657,6,후성,93370,B이하,B이하,B이하,C,2011,
658,5,휴니드테크놀러지스,5870,B+,B이하,B+,C,2011,
659,4,휴스틸,5010,,B이하,,B,2011,
660,3,휴켐스,69260,B이하,B+,B이하,B+,2011,
661,2,흥국화재,540,B이하,,B이하,C,2011,
662,1,흥아해운,3280,B이하,,B이하,B,2011,
0,706,AK홀딩스,6840,B이하,B+,B이하,C,2012,
1,705,BNK금융지주,138930,A,B이하,A,A+,2012,
2,704,BYC,1460,B이하,B이하,B이하,C,2012,
3,703,CJ,1040,B이하,B이하,B이하,B,2012,
4,702,CJ CGV,79160,B이하,B이하,B이하,B,2012,
5,701,CJ대한통운,120,B이하,B이하,B+,B,2012,
6,700,CJ씨푸드,11150,B이하,B이하,B이하,C,2012,
7,699,CJ제일제당,97950,B+,B+,B이하,B+,2012,
8,698,CS홀딩스,590,,,B이하,C,2012,
9,697,DB,12030,B이하,B이하,B이하,B,2012,
10,696,DB금융투자,16610,,,B+,B,2012,
11,695,DB손해보험,5830,B+,B+,A,B+,2012,
12,694,DB하이텍,990,B이하,B+,B이하,B,2012,
13,693,DGB금융지주,139130,B+,B+,B이하,A,2012,
14,692,DRB동일,4840,B이하,B이하,B이하,B,2012,
15,691,DSR제강,69730,B이하,B이하,B이하,C,2012,
16,690,E1,17940,B이하,B이하,B+,B,2012,
17,689,F&F,7700,B이하,B이하,B이하,B,2012,
18,688,GKL,114090,,,B+,B+,2012,
19,687,GS,78930,B이하,B이하,B이하,B+,2012,
20,686,GS건설,6360,A,A,A,A,2012,
21,685,GS글로벌,1250,B이하,B이하,B이하,B,2012,
22,684,JW중외제약,1060,B이하,B이하,B이하,B,2012,
23,683,JW홀딩스,96760,B이하,B이하,B이하,B,2012,
24,682,KB금융,105560,A+,A,A+,A+,2012,
25,681,KB캐피탈,21960,,,B이하,A,2012,
26,680,KC그린홀딩스,9440,B이하,B이하,B이하,B,2012,
27,679,KC코트렐,119650,B이하,B이하,B이하,B,2012,
28,678,KEC,92220,B이하,B이하,B이하,C,2012,
29,677,KGP,109070,B이하,B이하,B이하,C,2012,
30,676,KG케미칼,1390,B이하,B이하,B이하,C,2012,
31,675,KISCO홀딩스,1940,B이하,B이하,B이하,B,2012,
32,674,KPX그린케미칼,83420,B이하,B+,B이하,B,2012,
33,673,KPX케미칼,25000,B이하,B+,B이하,B,2012,
34,672,KPX홀딩스,92230,B이하,B이하,B이하,B,2012,
35,671,KR모터스,40,B이하,B이하,B이하,B,2012,
36,670,KSS해운,44450,B이하,B이하,B이하,B,2012,
37,669,KTB투자증권,30210,,,B이하,B+,2012,
38,668,KTcs,58850,,,B이하,B,2012,
39,667,LF,93050,B이하,B이하,B이하,B,2012,
40,666,LG,3550,B이하,B이하,B이하,B,2012,
41,665,LG디스플레이,34220,B+,B+,B+,B+,2012,
42,664,LG상사,1120,B이하,B이하,B이하,B+,2012,
43,663,LG생명과학,68870,B+,B+,B+,B+,2012,
44,662,LG생활건강,51900,A,A,A+,B+,2012,
45,661,LG유플러스,32640,B이하,B이하,B+,B+,2012,
46,660,LG이노텍,11070,A,A,A,B+,2012,
47,659,LG전자,66570,A,A,A,B+,2012,
48,658,LG하우시스,108670,B+,B+,A,B+,2012,
49,657,LG화학,51910,A,A,A,B+,2012,
50,656,LS,6260,B이하,B이하,B이하,B+,2012,
51,655,LS네트웍스,680,B이하,B이하,B이하,B,2012,
52,654,LS산전,10120,B+,B+,B이하,B+,2012,
53,653,MH에탄올,23150,B이하,B이하,B이하,B,2012,
54,652,NAVER,35420,B+,B+,B+,A,2012,
55,651,NH농협증권,16420,B이하,B이하,B이하,B+,2012,
56,650,NH투자증권,5940,A,B+,A,A,2012,
57,649,NICE,34310,,,B이하,B,2012,
58,648,NI스틸,8260,B이하,B이하,B이하,C,2012,
59,647,OCI,10060,A,A,A,B+,2012,
60,646,S&TC,100840,B이하,B이하,B이하,B,2012,
61,645,S&T모티브,64960,B이하,B이하,B이하,B+,2012,
62,644,S&T중공업,3570,B이하,B이하,B이하,B,2012,
63,643,S&T홀딩스,36530,B이하,B이하,B이하,B,2012,
64,642,S-Oil,10950,A,A+,A,A,2012,
65,641,SBS,34120,B이하,B이하,B이하,B+,2012,
66,640,SBS미디어홀딩스,101060,B이하,B이하,B이하,B,2012,
67,639,SG세계물산,4060,B이하,B이하,B이하,C,2012,
68,638,SG충방,1380,B이하,B이하,B이하,C,2012,
69,637,SH에너지화학,2360,B이하,B이하,B이하,B,2012,
70,636,SIMPAC,9160,B이하,B이하,B이하,B,2012,
71,635,SK,3600,B+,B이하,B+,B+,2012,
72,634,SK,34730,A,A,A,B+,2012,
73,633,SKC,11790,A,A,A,A,2012,
74,632,SK가스,18670,B이하,B이하,B+,C,2012,
75,631,SK네트웍스,1740,B+,B이하,A,A,2012,
76,630,SK디스커버리,6120,B+,A,B이하,B+,2012,
77,629,SK이노베이션,96770,A,A,B+,A,2012,
78,628,SK증권,1510,B+,B이하,A,A,2012,
79,627,SK텔레콤,17670,A,A+,A,B+,2012,
80,626,SK하이닉스,660,A+,A+,A+,A+,2012,
81,625,SPC삼립,5610,B이하,B이하,B이하,B,2012,
82,624,STX,11810,B+,B+,B+,B,2012,
83,623,STX엔진,77970,B+,A,A,B,2012,
84,622,STX조선해양,67250,B이하,B+,B+,C,2012,
85,621,STX중공업,71970,B+,B+,B+,B,2012,
86,620,TCC동양,2710,B이하,B이하,B이하,C,2012,
87,619,WISCOM,24070,B이하,B이하,B이하,B+,2012,
88,618,YG PLUS,37270,,,B이하,C,2012,
89,617,가온전선,500,B이하,B이하,B이하,B,2012,
90,616,강남제비스코,860,B이하,B이하,B이하,B,2012,
91,615,강원랜드,35250,B+,B+,A,B+,2012,
92,614,갤럭시아에스엠,11420,,,B이하,C,2012,
93,613,경남기업,800,B이하,B이하,B이하,C,2012,
94,612,경남에너지,8020,B이하,B이하,B이하,B,2012,
95,611,경농,2100,B이하,B+,B이하,B,2012,
96,610,경동나비엔,9450,B이하,B이하,B이하,C,2012,
97,609,경동인베스트,12320,B이하,B이하,B이하,B,2012,
98,608,경방,50,B이하,B이하,B이하,B,2012,
99,607,경인양행,12610,B이하,B+,B이하,B,2012,
100,606,경인전자,9140,B이하,B이하,B이하,B,2012,
101,605,계룡건설산업,13580,B+,B이하,B+,B+,2012,
102,604,계양전기,12200,B이하,B이하,B+,B,2012,
103,603,고려개발,4200,B이하,B이하,B+,B,2012,
104,602,고려산업,2140,B이하,B이하,B이하,C,2012,
105,601,고려아연,10130,B+,B+,B이하,B+,2012,
106,600,고려제강,2240,B이하,B이하,B이하,C,2012,
107,599,골든브릿지증권,1290,,,B이하,B,2012,
108,598,광동제약,9290,B이하,B이하,B이하,B,2012,
109,597,광명전기,17040,B이하,B이하,B이하,B,2012,
110,596,광전자,17900,B이하,B이하,B이하,B,2012,
111,595,광주신세계,37710,B이하,B이하,B+,B,2012,
112,594,교보증권,30610,B이하,B이하,B이하,B,2012,
113,593,국도화학,7690,B이하,B+,B이하,B,2012,
114,592,국동,5320,B이하,B이하,B이하,B,2012,
115,591,국보,1140,B이하,B이하,B이하,C,2012,
116,590,국제약품,2720,B이하,B이하,B이하,B,2012,
117,589,그린손해보험,470,B이하,B이하,B이하,C,2012,
118,588,극동유화,14530,B이하,B이하,B이하,B,2012,
119,587,글로스텍,12410,B이하,B이하,B이하,C,2012,
120,586,금강공업,14280,B이하,B이하,B이하,B,2012,
121,585,금비,8870,B이하,B이하,B이하,C,2012,
122,584,금양,1570,B이하,B이하,B이하,B,2012,
123,583,금호산업,2990,B이하,B이하,B+,B,2012,
124,582,금호석유화학,11780,B+,B+,A,B+,2012,
125,581,금호전기,1210,B이하,B이하,B이하,B,2012,
126,580,금호타이어,73240,B이하,B+,B이하,C,2012,
127,579,기신정기,92440,B이하,B이하,B이하,B,2012,
128,578,기아자동차,270,A,B+,A+,B+,2012,
129,577,기업은행,24110,B이하,B이하,B+,B+,2012,
130,576,까뮤이앤씨,13700,B이하,B이하,B이하,C,2012,
131,575,깨끗한나라,4540,B이하,B+,B이하,C,2012,
132,574,나노메딕스,74610,B이하,B이하,B이하,C,2012,
133,573,남광토건,1260,B이하,B이하,B이하,B,2012,
134,572,남선알미늄,8350,B이하,B이하,B이하,C,2012,
135,571,남성,4270,B이하,B이하,B이하,B,2012,
136,570,남양유업,3920,B이하,B이하,B이하,B,2012,
137,569,남영비비안,2070,B이하,B이하,B이하,B,2012,
138,568,남해화학,25860,B이하,B+,B이하,C,2012,
139,567,넥센,5720,B이하,B이하,B이하,B,2012,
140,566,넥센타이어,2350,B이하,B+,B이하,C,2012,
141,565,넥솔론,110570,B이하,B이하,B이하,B+,2012,
142,564,노루페인트,90350,B이하,B+,B이하,B,2012,
143,563,노루홀딩스,320,B이하,B이하,B이하,B,2012,
144,562,녹십자,6280,B이하,B+,B이하,B,2012,
145,561,녹십자홀딩스,5250,B이하,B이하,B이하,B,2012,
146,560,농심,4370,B이하,B+,B이하,B,2012,
147,559,농심홀딩스,72710,B이하,B이하,B이하,B,2012,
148,558,다우기술,23590,,,B이하,C,2012,
149,557,대경기계기술,15590,B이하,B이하,B이하,B,2012,
150,556,대교,19680,B이하,B이하,B이하,B+,2012,
151,555,대구백화점,6370,B이하,B이하,B+,B,2012,
152,554,대덕GDS,4130,B이하,B+,B이하,B,2012,
153,553,대덕전자,8060,B이하,B이하,B이하,B,2012,
154,552,대동공업,490,B이하,B이하,B이하,B,2012,
155,551,대동전자,8110,B이하,B이하,B이하,C,2012,
156,550,대림비앤코,5750,B이하,B이하,B이하,B,2012,
157,549,대림산업,210,B+,B+,A,B+,2012,
158,548,대림통상,6570,B이하,B이하,B이하,B,2012,
159,547,대상,1680,B이하,B이하,B+,C,2012,
160,546,대상홀딩스,84690,B이하,B이하,B이하,B,2012,
161,545,대성산업,128820,B이하,B이하,B이하,B,2012,
162,544,대성에너지,117580,B이하,B이하,B이하,B,2012,
163,543,대성합동지주,5620,B이하,B이하,B이하,B+,2012,
164,542,대성홀딩스,16710,B이하,B이하,B이하,B,2012,
165,541,대신증권,3540,B+,B이하,B이하,A,2012,
166,540,대양금속,9190,B이하,B이하,B이하,C,2012,
167,539,대영포장,14160,B이하,B이하,B이하,C,2012,
168,538,대우건설,47040,B이하,B이하,B이하,B+,2012,
169,537,대우부품,9320,B이하,B이하,B이하,C,2012,
170,536,대우조선해양,42660,B+,B+,B이하,B+,2012,
171,535,대웅,3090,B이하,B이하,B이하,B,2012,
172,534,대웅제약,69620,B+,B+,B+,B,2012,
173,533,대원강업,430,B이하,B이하,B이하,B,2012,
174,532,대원전선,6340,,B이하,,B,2012,
175,531,대원제약,3220,B이하,B이하,B+,B,2012,
176,530,대원화성,24890,B이하,B+,B이하,B,2012,
177,529,대유에이텍,2880,B이하,B이하,B이하,C,2012,
178,528,대유플러스,300,B이하,B+,B이하,C,2012,
179,527,대창,12800,B이하,B+,B이하,B,2012,
180,526,대창단조,15230,B이하,B이하,B이하,C,2012,
181,525,대한방직,1070,B이하,B이하,B이하,B,2012,
182,524,대한유화,6650,B이하,B+,B이하,B,2012,
183,523,대한전선,1440,B이하,B+,B이하,B,2012,
184,522,대한제강,84010,B+,B+,B+,B,2012,
185,521,대한제당,1790,B이하,B이하,B이하,B,2012,
186,520,대한제분,1130,B이하,B이하,B이하,B,2012,
187,519,대한항공,3490,A,A+,A,B,2012,
188,518,대한화섬,3830,B이하,B이하,B이하,C,2012,
189,517,대현,16090,B이하,B이하,B이하,B,2012,
190,516,대호에이엘,69460,B이하,B+,B이하,C,2012,
191,515,더존비즈온,12510,,,B이하,C,2012,
192,514,덕성,4830,B이하,B이하,B이하,B,2012,
193,513,덕양산업,24900,B이하,B이하,B이하,B,2012,
194,512,도레이케미칼,8000,B이하,B+,B+,C,2012,
195,511,도화엔지니어링,2150,B이하,B이하,B이하,B+,2012,
196,510,동국실업,1620,B이하,B이하,B이하,C,2012,
197,509,동국제강,1230,B+,B+,B이하,B+,2012,
198,508,동남합성,23450,B이하,B이하,B이하,C,2012,
199,507,동방,4140,B이하,B이하,B이하,C,2012,
200,506,동방아그로,7590,B이하,B이하,B이하,B,2012,
201,505,동부건설,5960,B이하,B이하,B이하,B+,2012,
202,504,동부제철,16380,B+,B+,B+,B,2012,
203,503,동성제약,2210,B이하,B이하,B이하,B,2012,
204,502,동성코퍼레이션,102260,B이하,B이하,B이하,B,2012,
205,501,동성화학,5190,B이하,B이하,B이하,B,2012,
206,500,동아쏘시오홀딩스,640,B+,B+,B이하,B+,2012,
207,499,동아에스텍,58730,B이하,B이하,B이하,B,2012,
208,498,동아지질,28100,B이하,B이하,B이하,B,2012,
209,497,동양,1520,B이하,B이하,B이하,B,2012,
210,496,동양고속,84670,B이하,B이하,B이하,B,2012,
211,495,동양네트웍스,30790,,,B이하,C,2012,
212,494,동양물산기업,2900,B이하,B이하,B이하,B+,2012,
213,493,동양생명,82640,B이하,B이하,B이하,B+,2012,
214,492,동양철관,8970,B이하,B이하,B이하,C,2012,
215,491,동원,3580,B이하,B이하,B이하,C,2012,
216,490,동원F&B,49770,B이하,B이하,B이하,B,2012,
217,489,동원금속,18500,B이하,B이하,B이하,C,2012,
218,488,동원산업,6040,B이하,B이하,B이하,B,2012,
219,487,동원수산,30720,B이하,B이하,B이하,B,2012,
220,486,동원시스템즈,14820,B이하,B이하,B이하,C,2012,
221,485,동일방직,1530,B이하,B이하,B이하,B,2012,
222,484,동일산업,4890,,B+,,B,2012,
223,483,동일제지,19300,B이하,B이하,B이하,B,2012,
224,482,동화약품,20,B이하,B이하,B이하,B+,2012,
225,481,두산,150,A+,A+,A+,A+,2012,
226,480,두산건설,11160,B+,B+,A,B+,2012,
227,479,두산엔진,82740,B+,B+,B+,A,2012,
228,478,두산인프라코어,42670,A+,A+,A+,A+,2012,
229,477,두산중공업,34020,A,A,A+,A,2012,
230,476,디씨엠,24090,B이하,B이하,B이하,B,2012,
231,475,디아이,3160,B이하,B이하,B이하,C,2012,
232,474,디아이씨,92200,B이하,B이하,B이하,B,2012,
233,473,디와이,13570,B이하,B이하,B이하,B+,2012,
234,472,디티알오토모티브,7340,B이하,B이하,B이하,C,2012,
235,471,디피씨,26890,B이하,B이하,B이하,B,2012,
236,470,락앤락,115390,B이하,B이하,B이하,B+,2012,
237,469,로케트전기,420,B이하,B이하,B이하,C,2012,
238,468,롯데관광개발,32350,B이하,B이하,B이하,B,2012,
239,467,롯데미도파,4010,B+,B+,B+,B+,2012,
240,466,롯데손해보험,400,B+,B이하,A,A,2012,
241,465,롯데쇼핑,23530,A,A,A+,A,2012,
242,464,롯데정밀화학,4000,B+,B+,B+,B+,2012,
243,463,롯데지주,4990,A,A,A,B+,2012,
244,462,롯데칠성음료,5300,B+,B+,A,B,2012,
245,461,롯데케미칼,11170,A,A+,A+,B+,2012,
246,460,롯데푸드,2270,B이하,B+,B이하,C,2012,
247,459,롯데하이마트,71840,B이하,B이하,B이하,B+,2012,
248,458,마니커,27740,B이하,B이하,B이하,C,2012,
249,457,만호제강,1080,B이하,B이하,B이하,B,2012,
250,456,메디플란트,15540,B이하,B이하,B이하,C,2012,
251,455,메리츠종금증권,8560,B이하,B이하,B이하,B+,2012,
252,454,메리츠화재,60,B+,B이하,B+,A,2012,
253,453,명문제약,17180,B이하,B이하,B이하,B,2012,
254,452,모나리자,12690,B이하,B이하,B이하,C,2012,
255,451,모나미,5360,B이하,B이하,B이하,B,2012,
256,450,모토닉,9680,B이하,B이하,B이하,B,2012,
257,449,무림P&P,9580,B이하,B이하,B이하,B,2012,
258,448,무림페이퍼,9200,B이하,B+,B이하,B,2012,
259,447,무학,33920,B이하,B이하,B이하,B,2012,
260,446,문배철강,8420,B이하,B이하,B이하,B,2012,
261,445,미래산업,25560,B이하,B이하,B이하,B+,2012,
262,444,미래아이앤지,7120,B이하,B이하,B이하,C,2012,
263,443,미래에셋대우,6800,B+,B+,B+,B+,2012,
264,442,미래에셋증권,37620,B이하,B이하,B+,B+,2012,
265,441,미원상사,2840,B이하,B이하,B이하,B,2012,
266,440,미원홀딩스,107590,B이하,B이하,B이하,B,2012,
267,439,미창석유공업,3650,B이하,B이하,B이하,B,2012,
268,438,방림,3610,B이하,B이하,B이하,B,2012,
269,437,배명금속,11800,B이하,B이하,B이하,C,2012,
270,436,백광산업,1340,B이하,B+,B이하,B,2012,
271,435,백광소재,14580,B이하,B이하,B이하,C,2012,
272,434,백산,35150,B이하,B이하,B이하,B,2012,
273,433,벽산,7210,B이하,B+,B이하,C,2012,
274,432,보락,2760,B이하,B+,B이하,B,2012,
275,431,보령제약,3850,B이하,B이하,B이하,B,2012,
276,430,보루네오가구,4740,B이하,B이하,B이하,B,2012,
277,429,보해양조,890,B이하,B+,B이하,C,2012,
278,428,부광약품,3000,B이하,B이하,B이하,B+,2012,
279,427,부국증권,1270,,,B이하,B,2012,
280,426,부국철강,26940,B이하,B이하,B이하,B,2012,
281,425,부산도시가스,15350,B이하,B이하,B이하,B,2012,
282,424,부산산업,11390,B이하,B이하,B이하,B,2012,
283,423,부산주공,5030,B이하,B이하,B이하,B,2012,
284,422,비상교육,100220,,,B이하,B,2012,
285,421,빙그레,5180,B이하,B이하,B+,B,2012,
286,420,사조대림,3960,B이하,B이하,B이하,B,2012,
287,419,사조동아원,8040,B이하,B이하,B이하,C,2012,
288,418,사조산업,7160,B이하,B이하,B이하,C,2012,
289,417,사조오양,6090,B이하,B이하,B이하,B,2012,
290,416,사조해표,79660,B이하,B이하,B이하,B,2012,
291,415,삼광글라스,5090,B이하,B이하,B이하,B,2012,
292,414,삼부토건,1470,B이하,B이하,B이하,C,2012,
293,413,삼성SDI,6400,A,A+,A,B+,2012,
294,412,삼성공조,6660,B이하,B이하,B이하,B,2012,
295,411,삼성물산,830,A,A,A,B+,2012,
296,410,삼성생명,32830,B이하,B이하,B이하,B+,2012,
297,409,삼성엔지니어링,28050,B+,B이하,B+,B+,2012,
298,408,삼성전기,9150,A+,A+,A+,A,2012,
299,407,삼성전자,5930,A,A,A,A,2012,
300,406,삼성제약,1360,,B이하,,B,2012,
301,405,삼성중공업,10140,B+,B+,A+,B,2012,
302,404,삼성증권,16360,A,B+,A+,A,2012,
303,403,삼성출판사,68290,,,B이하,B,2012,
304,402,삼성카드,29780,B이하,B이하,B+,B+,2012,
305,401,삼성화재해상보험,810,A,B+,A,A,2012,
306,400,삼아알미늄,6110,B이하,B이하,B이하,B,2012,
307,399,삼양사,145990,B이하,B이하,B+,B,2012,
308,398,삼양식품,3230,B이하,B이하,B이하,C,2012,
309,397,삼양엔텍,8720,B이하,B이하,B이하,C,2012,
310,396,삼양제넥스,3940,B+,B+,B+,B,2012,
311,395,삼양통상,2170,B이하,B이하,B이하,B,2012,
312,394,삼양홀딩스,70,B이하,B+,B이하,B,2012,
313,393,삼영무역,2810,B이하,B이하,B이하,B,2012,
314,392,삼영전자공업,5680,B+,B+,B+,B,2012,
315,391,삼영화학공업,3720,B이하,B이하,B이하,B,2012,
316,390,삼원강재,23000,B이하,B이하,B이하,C,2012,
317,389,삼익THK,4380,B이하,B이하,B이하,B,2012,
318,388,삼익악기,2450,B이하,B이하,B이하,B,2012,
319,387,삼일제약,520,B이하,B이하,B이하,B,2012,
320,386,삼정펄프,9770,B이하,B이하,B이하,B,2012,
321,385,삼진제약,5500,B이하,B이하,B이하,B,2012,
322,384,삼천리,4690,B+,B이하,B+,B+,2012,
323,383,삼호,1880,B이하,B이하,B+,B,2012,
324,382,삼호개발,10960,B이하,B이하,B이하,B,2012,
325,381,삼화왕관,4450,B이하,B이하,B이하,C,2012,
326,380,삼화전기,9470,B이하,B이하,B이하,C,2012,
327,379,삼화전자공업,11230,B이하,B이하,B이하,C,2012,
328,378,삼화콘덴서공업,1820,B이하,B이하,B이하,B,2012,
329,377,삼화페인트공업,390,B+,B+,B+,B+,2012,
330,376,삼환기업,360,B이하,B이하,B이하,B,2012,
331,375,상신브레이크,41650,B이하,B이하,B이하,B,2012,
332,374,새론오토모티브,75180,B이하,B+,B이하,B,2012,
333,373,샘표,7540,B이하,B+,B이하,B,2012,
334,372,서연,7860,B이하,B이하,B이하,B,2012,
335,371,서울도시가스,17390,B이하,B이하,B이하,B+,2012,
336,370,서울식품공업,4410,B이하,B이하,B이하,B,2012,
337,369,서원,21050,B이하,B이하,B이하,B,2012,
338,368,서흥,8490,B이하,B이하,B이하,B,2012,
339,367,선도전기,7610,B이하,B이하,B이하,C,2012,
340,366,선진지주,14300,B이하,B이하,B이하,C,2012,
341,365,선창산업,2820,B이하,B이하,B이하,B,2012,
342,364,성문전자,14910,B이하,B이하,B이하,C,2012,
343,363,성보화학,3080,B이하,B이하,B이하,B,2012,
344,362,성신양회,4980,B이하,B+,B이하,B,2012,
345,361,성안,11300,B이하,B이하,B이하,C,2012,
346,360,성지건설,5980,B이하,B이하,B이하,C,2012,
347,359,성창기업지주,180,B이하,B이하,B이하,B,2012,
348,358,세기상사,2420,,,B이하,C,2012,
349,357,세방,4360,B이하,B이하,B이하,B,2012,
350,356,세방전지,4490,B+,B+,B+,B+,2012,
351,355,세아베스틸,1430,B이하,B+,B이하,B,2012,
352,354,세아제강,3030,B이하,B+,B이하,B,2012,
353,353,세아특수강,19440,B이하,B이하,B이하,B,2012,
354,352,세아홀딩스,58650,B이하,B이하,B이하,B,2012,
355,351,세우글로벌,13000,B이하,B이하,B이하,C,2012,
356,350,세원셀론텍,91090,B이하,B이하,B이하,C,2012,
357,349,세원정공,21820,B이하,B이하,B이하,B,2012,
358,348,세이브존I&C,67830,B이하,B이하,B이하,B,2012,
359,347,세종공업,33530,B이하,B+,B이하,B,2012,
360,346,세하,27970,B이하,B이하,B이하,B,2012,
361,345,송원산업,4430,B이하,B+,B이하,B,2012,
362,344,수산중공업,17550,B이하,B이하,B이하,C,2012,
363,343,신대양제지,16590,B이하,B이하,B이하,C,2012,
364,342,신도리코,29530,B이하,B+,B이하,B,2012,
365,341,신라교역,4970,B이하,B이하,B이하,B,2012,
366,340,신성에프에이,104120,B이하,B이하,B이하,C,2012,
367,339,신성이엔지,11930,B이하,B이하,B이하,C,2012,
368,338,신성이엔지,104110,B이하,B이하,B이하,C,2012,
369,337,신성통상,5390,B이하,B이하,B이하,C,2012,
370,336,신세계,4170,B+,B이하,B+,B+,2012,
371,335,신세계I&C,35510,B이하,B이하,B+,C,2012,
372,334,신세계건설,34300,B이하,B이하,B이하,C,2012,
373,333,신세계인터내셔날,31430,B이하,B이하,B이하,B,2012,
374,332,신세계푸드,31440,B이하,B이하,B+,C,2012,
375,331,신영와코루,5800,B이하,B이하,B이하,B,2012,
376,330,신영증권,1720,,,B이하,B+,2012,
377,329,신원,9270,B이하,B이하,B이하,B,2012,
378,328,신일건업,14350,B이하,B이하,B이하,B,2012,
379,327,신일산업,2700,B이하,B이하,B이하,B,2012,
380,326,신풍제약,19170,B이하,B이하,B이하,C,2012,
381,325,신풍제지,2870,B이하,B+,B이하,B,2012,
382,324,신한,5450,B이하,B이하,B이하,C,2012,
383,323,신한지주,55550,A,B+,A,A+,2012,
384,322,신화실업,1770,B이하,B이하,B이하,C,2012,
385,321,신흥,4080,B이하,B이하,B이하,B,2012,
386,320,쌍방울,102280,B이하,B이하,B이하,C,2012,
387,319,쌍용양회공업,3410,B이하,B+,B이하,C,2012,
388,318,쌍용자동차,3620,B이하,B+,B이하,B,2012,
389,317,써니전자,4770,B이하,B이하,B이하,C,2012,
390,316,씨아이테크,4920,,,B이하,C,2012,
391,315,아남전자,8700,B이하,B이하,B이하,C,2012,
392,314,아모레퍼시픽,90430,A,A,A+,B+,2012,
393,313,아모레퍼시픽그룹,2790,B이하,B이하,B+,B,2012,
394,312,아비스타,90370,B이하,B이하,B이하,B,2012,
395,311,아세아,2030,B+,B+,B+,B,2012,
396,310,아세아제지,2310,B이하,B이하,B이하,C,2012,
397,309,아세아페이퍼텍,9380,B이하,B이하,B이하,B,2012,
398,308,아시아나항공,20560,B+,A,B+,B,2012,
399,307,아이마켓코리아,122900,B이하,B이하,B이하,B,2012,
400,306,아이에스동서,10780,B이하,B이하,B이하,C,2012,
401,305,아이에이치큐,3560,,,B이하,C,2012,
402,304,아주캐피탈,33660,B이하,B이하,B이하,B,2012,
403,303,아티스,101140,B이하,B이하,B이하,C,2012,
404,302,알루코,1780,B이하,B이하,B이하,C,2012,
405,301,알보젠코리아,2250,B이하,B이하,B이하,B,2012,
406,300,알앤엘바이오,3190,,B이하,B이하,,2012,
407,299,에넥스,11090,B이하,B이하,B이하,B,2012,
408,298,에스엘,5850,B이하,B이하,B+,B,2012,
409,297,에스원,12750,B이하,B이하,B+,B,2012,
410,296,에스제이엠,123700,B이하,B이하,B이하,B,2012,
411,295,에스제이엠홀딩스,25530,B이하,B이하,B이하,B,2012,
412,294,에쓰씨엔지니어링,23960,B이하,B이하,B이하,C,2012,
413,293,에이블씨엔씨,78520,B이하,B이하,B이하,B,2012,
414,292,에이엔피,15260,B이하,B이하,B이하,C,2012,
415,291,에이프로젠KIC,7460,B이하,B이하,B이하,C,2012,
416,290,에이프로젠제약,3060,,B이하,,C,2012,
417,289,엔씨소프트,36570,B+,B이하,B이하,A,2012,
418,288,엔케이,85310,B이하,B이하,B이하,B,2012,
419,287,엔케이물산,9810,B이하,B이하,B이하,C,2012,
420,286,엔피씨,4250,B이하,B이하,B이하,C,2012,
421,285,영보화학,14440,B이하,B이하,B이하,C,2012,
422,284,영원무역,111770,B이하,B이하,B이하,B,2012,
423,283,영원무역홀딩스,9970,B이하,B이하,B이하,B,2012,
424,282,영진약품,3520,B이하,B이하,B이하,B,2012,
425,281,영풍,670,B이하,B+,B이하,C,2012,
426,280,영풍제지,6740,B이하,B이하,B이하,B,2012,
427,279,영화금속,12280,B이하,B이하,B이하,C,2012,
428,278,영흥철강,12160,B이하,B이하,B이하,B,2012,
429,277,예스코,15360,B이하,B이하,B+,B+,2012,
430,276,오뚜기,7310,B이하,B+,B이하,C,2012,
431,275,오리엔트바이오,2630,B이하,B이하,B이하,C,2012,
432,274,오리온홀딩스,1800,B이하,B이하,B이하,B,2012,
433,273,와이비로드,10600,B이하,B이하,B이하,C,2012,
434,272,우리금융지주,53000,A,B이하,A,A+,2012,
435,271,우리들제약,4720,B이하,B이하,B이하,C,2012,
436,270,우리들휴브레인,118000,B이하,B이하,B이하,C,2012,
437,269,우리종금,10050,,,B이하,B+,2012,
438,268,우성사료,6980,B이하,B이하,B이하,B,2012,
439,267,우신시스템,17370,B이하,B이하,B이하,B,2012,
440,266,우진,105840,B이하,B이하,B이하,B,2012,
441,265,우진플라임,49800,B이하,B이하,B이하,B,2012,
442,264,웅진,16880,B이하,B이하,B이하,C,2012,
443,263,웅진씽크빅,95720,B+,B+,B+,B,2012,
444,262,웅진에너지,103130,B이하,B+,B이하,B,2012,
445,261,원림,5820,B이하,B이하,B이하,B,2012,
446,260,윌비스,8600,B이하,B이하,B이하,B,2012,
447,259,유나이티드,33270,B이하,B이하,B이하,B,2012,
448,258,유니드,14830,B이하,B+,B이하,B,2012,
449,257,유니온,910,B이하,B이하,B이하,B,2012,
450,256,유니온머티리얼,47400,B이하,B이하,B이하,B,2012,
451,255,유니온스틸,3640,B이하,B+,B이하,B,2012,
452,254,유니켐,11330,B이하,B이하,B이하,C,2012,
453,253,유니퀘스트,77500,B이하,B이하,B이하,B,2012,
454,252,유성기업,2920,B이하,B+,B이하,C,2012,
455,251,유수홀딩스,700,B+,B+,B+,B+,2012,
456,250,유안타증권,3470,B이하,B이하,B이하,B,2012,
457,249,유양디앤유,11690,B이하,B이하,B이하,B,2012,
458,248,유엔젤,72130,,,B이하,B,2012,
459,247,유유제약,220,B이하,B이하,B이하,B,2012,
460,246,유진증권,1200,,,B이하,B+,2012,
461,245,유한양행,100,B+,B+,B이하,B+,2012,
462,244,유화증권,3460,,,B이하,B,2012,
463,243,율촌화학,8730,B이하,B이하,B이하,B,2012,
464,242,이건산업,8250,B이하,B이하,B이하,C,2012,
465,241,이구산업,25820,B이하,B이하,B이하,B,2012,
466,240,이마트,139480,B이하,B이하,B+,B+,2012,
467,239,이수페타시스,7660,B이하,B이하,B이하,C,2012,
468,238,이수화학,5950,B이하,B+,B이하,B,2012,
469,237,이스타코,15020,,,B이하,C,2012,
470,236,이아이디,93230,B이하,B이하,B이하,B,2012,
471,235,이연제약,102460,B이하,B이하,B이하,B,2012,
472,234,이월드,84680,B이하,B이하,B이하,C,2012,
473,233,이화산업,760,B이하,B이하,B이하,C,2012,
474,232,인디에프,14990,B이하,B이하,B이하,C,2012,
475,231,인스코비,6490,,B이하,B이하,,2012,
476,230,인지컨트롤스,23800,B이하,B이하,B이하,C,2012,
477,229,인천도시가스,34590,B이하,B이하,B이하,B,2012,
478,228,인팩,23810,B이하,B이하,B이하,B,2012,
479,227,일동홀딩스,230,B이하,B이하,B이하,B,2012,
480,226,일성건설,13360,B이하,B이하,B이하,B,2012,
481,225,일성신약,3120,B이하,B이하,B이하,B,2012,
482,224,일신방직,3200,B이하,B이하,B이하,B,2012,
483,223,일신석재,7110,B이하,B이하,B이하,C,2012,
484,222,일양약품,7570,B이하,B이하,B이하,B,2012,
485,221,일정실업,8500,B이하,B이하,B이하,C,2012,
486,220,일진다이아,81000,B이하,B이하,B이하,B,2012,
487,219,일진디스플,20760,B이하,B이하,B이하,C,2012,
488,218,일진머티리얼즈,20150,B이하,B이하,B이하,B,2012,
489,217,일진전기,103590,B+,B+,B+,B,2012,
490,216,일진홀딩스,15860,B이하,B이하,B이하,C,2012,
491,215,자화전자,33240,B이하,B이하,B이하,B,2012,
492,214,전방,950,B이하,B이하,B이하,B,2012,
493,213,제이에스전선,5560,B이하,B이하,B이하,B,2012,
494,212,제이준코스메틱,25620,B이하,B이하,B이하,B,2012,
495,211,제일기획,30000,B이하,B이하,B이하,B,2012,
496,210,제일모직,1300,A,A,A,A,2012,
497,209,제일연마,1560,B이하,B이하,B이하,C,2012,
498,208,제일파마홀딩스,2620,B이하,B이하,B이하,B,2012,
499,207,조광페인트,4910,B이하,B+,B이하,B,2012,
500,206,조광피혁,4700,B이하,B이하,B이하,B+,2012,
501,205,조비,1550,B이하,B이하,B이하,C,2012,
502,204,조선내화,480,B이하,B이하,B이하,B,2012,
503,203,조선선재,120030,B이하,B이하,B이하,C,2012,
504,202,조일알미늄,18470,B이하,B+,B이하,B,2012,
505,201,조흥,2600,B이하,B+,B이하,B,2012,
506,200,종근당바이오,63160,B이하,B이하,B이하,C,2012,
507,199,종근당홀딩스,1630,B이하,B이하,B이하,B,2012,
508,198,주연테크,44380,B이하,B이하,B이하,B,2012,
509,197,중앙건설,15110,B이하,B이하,B이하,B,2012,
510,196,지역난방공사,71320,B+,B+,B+,B+,2012,
511,195,지코,10580,B이하,B이하,B이하,B,2012,
512,194,지투알,35000,,,B이하,B,2012,
513,193,진도,88790,B이하,B이하,B이하,C,2012,
514,192,진양산업,3780,B이하,B이하,B이하,B,2012,
515,191,진양폴리우레탄,10640,B이하,B이하,B이하,B,2012,
516,190,진양홀딩스,100250,B이하,B이하,B이하,B,2012,
517,189,진양화학,51630,B이하,B이하,B이하,B,2012,
518,188,진원생명과학,11000,B이하,B이하,B이하,C,2012,
519,187,진흥기업,2780,,B이하,B이하,,2012,
520,186,진흥저축은행,7200,,,B이하,B,2012,
521,185,참엔지니어링,9310,B이하,B이하,B이하,C,2012,
522,184,천일고속,650,B이하,B이하,B이하,C,2012,
523,183,청호컴넷,12600,B이하,B이하,B이하,B,2012,
524,182,체시스,33250,B이하,B이하,B이하,C,2012,
525,181,카프로,6380,B이하,B+,B이하,B,2012,
526,180,케이비물산,8540,B이하,B이하,B이하,C,2012,
527,179,케이씨,29460,B이하,B이하,B+,B,2012,
528,178,케이씨씨,2380,B+,B+,B이하,B+,2012,
529,177,케이씨티시,9070,B이하,B이하,B이하,B,2012,
530,176,케이티,30200,A,A,A,A+,2012,
531,175,케이티스,58860,,,B이하,B,2012,
532,174,케이티스카이라이프,53210,B이하,B이하,B+,B+,2012,
533,173,케이티앤지,33780,A,B+,A+,A+,2012,
534,172,케이피케미칼,64420,A,A,A,B+,2012,
535,171,코리아써키트,7810,B이하,B이하,B이하,C,2012,
536,170,코리안리,3690,B이하,B이하,B이하,B+,2012,
537,169,코스맥스비티아이,44820,B이하,B이하,B이하,B,2012,
538,168,코스모신소재,5070,B이하,B이하,B이하,B,2012,
539,167,코스모화학,5420,B이하,B+,B이하,B,2012,
540,166,코아스,71950,B이하,B이하,B이하,C,2012,
541,165,코오롱,2020,B이하,B이하,B+,B,2012,
542,164,코오롱글로벌,3070,B이하,B이하,B이하,B,2012,
543,163,코오롱인더,120110,B이하,B이하,B이하,B+,2012,
544,162,코오롱플라스틱,138490,B이하,B이하,B이하,B,2012,
545,161,코원에너지서비스,26870,B이하,B이하,B이하,B,2012,
546,160,코웨이,21240,B+,A,A,B,2012,
547,159,콤텍시스템,31820,,,B이하,B,2012,
548,158,크라운해태홀딩스,5740,B이하,B이하,B이하,C,2012,
549,157,키움증권,39490,,,B이하,B+,2012,
550,156,키위미디어그룹,12170,B이하,B이하,B이하,C,2012,
551,155,태경산업,15890,B이하,B이하,B이하,C,2012,
552,154,태경화학,6890,B이하,B이하,B이하,C,2012,
553,153,태광산업,3240,B이하,B이하,B이하,C,2012,
554,152,태림포장,11280,B이하,B이하,B이하,C,2012,
555,151,태양금속공업,4100,B이하,B이하,B이하,B,2012,
556,150,태영건설,9410,B이하,B이하,B이하,B,2012,
557,149,태원물산,1420,B이하,B이하,B이하,B,2012,
558,148,태평양물산,7980,B이하,B이하,B이하,B,2012,
559,147,태평양제약,16570,B이하,B+,B이하,B,2012,
560,146,텔코웨어,78000,,,B이하,B,2012,
561,145,티비에이치글로벌,84870,B이하,B이하,B이하,B,2012,
562,144,티에이치엔,19180,B이하,B이하,B이하,B,2012,
563,143,티웨이홀딩스,4870,,B이하,B이하,,2012,
564,142,티이씨코,8900,,,B이하,C,2012,
565,141,파미셀,5690,B이하,B이하,B이하,B,2012,
566,140,파브코,101990,B이하,B이하,B이하,B,2012,
567,139,팜스코,36580,B이하,B이하,B이하,C,2012,
568,138,팬오션,28670,B+,B+,B이하,B+,2012,
569,137,퍼스텍,10820,B이하,B이하,B이하,B,2012,
570,136,퍼시스,16800,B이하,B이하,B이하,B,2012,
571,135,페이퍼코리아,1020,B이하,B이하,B이하,C,2012,
572,134,평화산업,90080,B이하,B이하,B이하,B,2012,
573,133,평화홀딩스,10770,,,B이하,B,2012,
574,132,포스코,5490,A+,A+,A+,A+,2012,
575,131,포스코강판,58430,B+,B+,B+,B,2012,
576,130,포스코대우,47050,B+,B이하,B+,B+,2012,
577,129,포스코플랜텍,51310,B+,B+,B+,B,2012,
578,128,폴루스바이오팜,7630,B이하,B이하,B이하,C,2012,
579,127,풀무원,17810,B+,B+,B+,A,2012,
580,126,풍림산업,1310,B이하,B이하,B이하,B,2012,
581,125,풍산,103140,B+,B+,B이하,B+,2012,
582,124,풍산홀딩스,5810,B이하,B이하,B이하,B,2012,
583,123,필룩스,33180,B이하,B이하,B이하,B,2012,
584,122,하나금융지주,86790,A,B이하,A,A+,2012,
585,121,하나투어,39130,B이하,B이하,B이하,B+,2012,
586,120,하이스틸,71090,B이하,B이하,B이하,B,2012,
587,119,하이트론씨스템즈,19490,B이하,B이하,B이하,B,2012,
588,118,하이트진로,80,B+,B+,B이하,B+,2012,
589,117,하이트진로홀딩스,140,B이하,B이하,B이하,B,2012,
590,116,한국가스공사,36460,B+,B+,B+,B+,2012,
591,115,한국개발금융,10460,,,B이하,B,2012,
592,114,한국공항,5430,B이하,B이하,B이하,C,2012,
593,113,한국금융지주,71050,B이하,B이하,B이하,A,2012,
594,112,한국내화,10040,B이하,B이하,B이하,B,2012,
595,111,한국단자공업,25540,B이하,B이하,B이하,B,2012,
596,110,한국석유공업,4090,B이하,B이하,B이하,B,2012,
597,109,한국수출포장공업,2200,B이하,B+,B이하,B,2012,
598,108,한국쉘석유,2960,B+,B+,B+,B,2012,
599,107,한국전력공사,15760,A,A,A,B+,2012,
600,106,한국전자홀딩스,6200,,,B이하,B,2012,
601,105,한국제지,2300,B이하,B+,B이하,B,2012,
602,104,한국주강,25890,B이하,B이하,B이하,C,2012,
603,103,한국주철관공업,970,B이하,B이하,B이하,B,2012,
604,102,한국철강,104700,B+,B이하,B+,B+,2012,
605,101,한국카본,17960,B이하,B+,B이하,B,2012,
606,100,한국콜마홀딩스,24720,B이하,B이하,B이하,C,2012,
607,99,한국타이어월드와이드,240,A,A,A,B+,2012,
608,98,한국특수형강,7280,B이하,B이하,B이하,B,2012,
609,97,한국프랜지공업,10100,B이하,B이하,B이하,B,2012,
610,96,한국항공우주,47810,B이하,B이하,B이하,B,2012,
611,95,한국화장품,123690,B이하,B이하,B이하,B,2012,
612,94,한국화장품제조,3350,B이하,B이하,B이하,C,2012,
613,93,한농화성,11500,B이하,B이하,B이하,B,2012,
614,92,한독,2390,B+,B+,B+,B+,2012,
615,91,한라,14790,B이하,B이하,B이하,B,2012,
616,90,한라홀딩스,60980,B이하,B+,B이하,B,2012,
617,89,한미글로벌,53690,B이하,B이하,B이하,B,2012,
618,88,한미반도체,42700,B이하,B이하,B이하,B,2012,
619,87,한미사이언스,8930,B이하,B이하,B이하,B,2012,
620,86,한미약품,128940,B이하,B이하,B이하,B,2012,
621,85,한샘,9240,B이하,B이하,B이하,B,2012,
622,84,한섬,20000,B이하,B이하,B이하,B,2012,
623,83,한성기업,3680,B이하,B이하,B이하,C,2012,
624,82,한세실업,105630,B이하,B이하,B이하,B,2012,
625,81,한세엠케이,69640,B이하,B이하,B이하,B,2012,
626,80,한세예스24홀딩스,16450,B이하,B이하,B이하,B,2012,
627,79,한솔로지스틱스,9180,B이하,B이하,B이하,C,2012,
628,78,한솔아트원제지,7190,B이하,B이하,B이하,C,2012,
629,77,한솔케미칼,14680,B이하,B+,B이하,B,2012,
630,76,한솔테크닉스,4710,B이하,B이하,B이하,C,2012,
631,75,한솔피엔에스,10420,B이하,B이하,B이하,C,2012,
632,74,한솔홀딩스,4150,B+,B+,B+,B,2012,
633,73,한솔홈데코,25750,B이하,B이하,B이하,C,2012,
634,72,한신공영,4960,B이하,B이하,B+,B,2012,
635,71,한신기계공업,11700,B이하,B이하,B이하,B,2012,
636,70,한양증권,1750,B이하,B이하,B+,B+,2012,
637,69,한온시스템,18880,B이하,B+,B이하,B,2012,
638,68,한올바이오파마,9420,B이하,B이하,B이하,B,2012,
639,67,한익스프레스,14130,B이하,B이하,B이하,C,2012,
640,66,한일건설,6440,B이하,B이하,B이하,C,2012,
641,65,한일시멘트,3300,B이하,B+,B이하,B,2012,
642,64,한일철강,2220,B이하,B이하,B이하,B,2012,
643,63,한전KPS,51600,B+,B이하,A,B,2012,
644,62,한전기술,52690,B+,B이하,A,B,2012,
645,61,한전산업,130660,B이하,B+,B이하,C,2012,
646,60,한진,2320,B이하,B+,B이하,C,2012,
647,59,한진중공업,97230,B이하,B+,B이하,B,2012,
648,58,한진중공업홀딩스,3480,B이하,B이하,B이하,B+,2012,
649,57,한진해운,117930,B+,B+,B+,B,2012,
650,56,한창,5110,B이하,B이하,B이하,C,2012,
651,55,한창제지,9460,B이하,B이하,B이하,B,2012,
652,54,한화,880,B이하,B+,B이하,B,2012,
653,53,한화갤러리아타임월드,27390,B이하,B이하,B+,C,2012,
654,52,한화생명,88350,B이하,B이하,B이하,B+,2012,
655,51,한화손해보험,370,B이하,B이하,B이하,B+,2012,
656,50,한화케미칼,9830,B+,A,A,B,2012,
657,49,한화테크윈,12450,A,A,A,B+,2012,
658,48,한화투자증권,3530,B이하,B이하,B이하,B,2012,
659,47,한화화인케미칼,25850,B이하,B이하,B이하,B,2012,
660,46,허메스홀딩스,12400,B이하,B이하,B이하,C,2012,
661,45,현대EP,89470,B이하,B이하,B이하,B,2012,
662,44,현대건설,720,B+,B+,A,B+,2012,
663,43,현대그린푸드,5440,B이하,B이하,B+,B,2012,
664,42,현대글로비스,86280,B이하,B이하,B+,B,2012,
665,41,현대리바트,79430,B이하,B이하,B이하,B,2012,
666,40,현대모비스,12330,B+,B+,A,B+,2012,
667,39,현대미포조선,10620,B이하,B+,B이하,B,2012,
668,38,현대백화점,69960,B이하,B이하,B+,B+,2012,
669,37,현대비앤지스틸,4560,B이하,B이하,B이하,C,2012,
670,36,현대산업개발,12630,B이하,B이하,B이하,B+,2012,
671,35,현대상선,11200,B+,B+,B+,B,2012,
672,34,현대시멘트,6390,B이하,B이하,B이하,B,2012,
673,33,현대약품,4310,B+,B+,B+,B+,2012,
674,32,현대에이치씨엔,126560,,,B이하,B,2012,
675,31,현대엘리베이터,17800,B+,B+,B이하,B+,2012,
676,30,현대위아,11210,B이하,B이하,B이하,B,2012,
677,29,현대자동차,5380,A,A,A,A,2012,
678,28,현대제철,4020,A,A,A,B+,2012,
679,27,현대종합상사,11760,B이하,B이하,B이하,B,2012,
680,26,현대중공업,9540,B+,B+,B이하,B+,2012,
681,25,현대차투자증권,1500,B이하,B이하,B이하,B,2012,
682,24,현대페인트,11720,B이하,B이하,B이하,C,2012,
683,23,현대하이스코,10520,B+,B+,B이하,B+,2012,
684,22,현대해상,1450,B+,B이하,A,A,2012,
685,21,현대홈쇼핑,57050,B이하,B이하,B+,B,2012,
686,20,형지엘리트,93240,B이하,B이하,B이하,B,2012,
687,19,혜인,3010,B이하,B이하,B이하,B,2012,
688,18,호텔신라,8770,B이하,B이하,B이하,B,2012,
689,17,화성산업,2460,B이하,B이하,B이하,B+,2012,
690,16,화승알앤에이,13520,B이하,B+,B이하,B,2012,
691,15,화승인더스트리,6060,B이하,B이하,B이하,C,2012,
692,14,화신,10690,B이하,B이하,B이하,C,2012,
693,13,화천기계,10660,B이하,B이하,B이하,B,2012,
694,12,화천기공,850,B이하,B이하,B이하,B,2012,
695,11,환인제약,16580,B이하,B이하,B이하,B+,2012,
696,10,황금에스티,32560,B이하,B이하,B이하,B,2012,
697,9,효성,4800,B+,B+,B이하,B+,2012,
698,8,효성 ITX,94280,,,B이하,B,2012,
699,7,후성,93370,B이하,B이하,B이하,B,2012,
700,6,휠라코리아,81660,B이하,B이하,B이하,B,2012,
701,5,휴니드테크놀러지스,5870,B이하,B이하,B이하,C,2012,
702,4,휴스틸,5010,B이하,B+,B이하,B,2012,
703,3,휴켐스,69260,B+,B+,B+,B,2012,
704,2,흥국화재,540,B이하,B이하,B이하,B,2012,
705,1,흥아해운,3280,B이하,B이하,B이하,B,2012,
0,690,AK홀딩스,6840,B이하,B이하,B이하,C,2013,
1,689,BNK금융지주,138930,B+,B이하,A,A,2013,
2,688,BYC,1460,B이하,B이하,B이하,B,2013,
3,687,CJ,1040,B+,B이하,A,B,2013,
4,686,CJ CGV,79160,B이하,B이하,B이하,B,2013,
5,685,CJ대한통운,120,B+,B+,A,B+,2013,
6,684,CJ씨푸드,11150,B이하,B이하,B이하,C,2013,
7,683,CJ제일제당,97950,B+,A,A,B,2013,
8,682,CS홀딩스,590,B이하,B이하,B이하,C,2013,
9,681,DB,12030,B이하,B이하,B이하,B,2013,
10,680,DB금융투자,16610,B이하,B이하,B이하,C,2013,
11,679,DB손해보험,5830,B+,B+,B+,B+,2013,
12,678,DB하이텍,990,B+,B+,B이하,B+,2013,
13,677,DGB금융지주,139130,B+,B+,B이하,A,2013,
14,676,DRB동일,4840,B이하,B이하,B이하,C,2013,
15,675,DSR제강,69730,B이하,B이하,B이하,C,2013,
16,674,E1,17940,B이하,B이하,B이하,B,2013,
17,673,F&F,7700,B이하,B이하,B이하,B,2013,
18,672,GKL,114090,B이하,B이하,B+,B+,2013,
19,671,GS,78930,B이하,B이하,B이하,B+,2013,
20,670,GS건설,6360,A,A,A,A,2013,
21,669,GS글로벌,1250,B이하,B이하,B이하,B,2013,
22,668,GS리테일,7070,B이하,B이하,B이하,B,2013,
23,667,JW중외제약,1060,B이하,B이하,B이하,C,2013,
24,666,JW홀딩스,96760,B이하,B이하,B이하,B,2013,
25,665,KB금융,105560,A+,A+,A+,A+,2013,
26,664,KB캐피탈,21960,B이하,B이하,B이하,B+,2013,
27,663,KC그린홀딩스,9440,B이하,B이하,B이하,B,2013,
28,662,KC코트렐,119650,B이하,B이하,B이하,B,2013,
29,661,KEC,92220,B이하,B이하,B이하,B,2013,
30,660,KGP,109070,B이하,B이하,B이하,C,2013,
31,659,KG케미칼,1390,B이하,B이하,B이하,D,2013,
32,658,KISCO홀딩스,1940,B이하,B이하,B이하,B,2013,
33,657,KPX그린케미칼,83420,B이하,B+,B이하,B,2013,
34,656,KPX케미칼,25000,B이하,B이하,B이하,B+,2013,
35,655,KPX홀딩스,92230,B이하,B이하,B이하,B,2013,
36,654,KR모터스,40,B이하,B이하,B이하,C,2013,
37,653,KSS해운,44450,B이하,B이하,B이하,B,2013,
38,652,KTB투자증권,30210,B이하,B이하,B이하,B+,2013,
39,651,KTcs,58850,B이하,B이하,B이하,B,2013,
40,650,LF,93050,B이하,B이하,B이하,B,2013,
41,649,LG,3550,B+,B이하,B+,A,2013,
42,648,LG디스플레이,34220,B+,B+,A,B+,2013,
43,647,LG상사,1120,B+,B+,B+,B+,2013,
44,646,LG생명과학,68870,B+,B+,B+,B+,2013,
45,645,LG생활건강,51900,A,A,A+,B+,2013,
46,644,LG유플러스,32640,B+,B이하,B이하,A,2013,
47,643,LG이노텍,11070,A,A,A,B+,2013,
48,642,LG전자,66570,A,A,A,B+,2013,
49,641,LG하우시스,108670,A,A,A,B+,2013,
50,640,LG화학,51910,A,B+,A,A,2013,
51,639,LS,6260,B이하,B이하,B이하,B+,2013,
52,638,LS네트웍스,680,B이하,B이하,B이하,B,2013,
53,637,LS산전,10120,B+,B+,B+,B+,2013,
54,636,MH에탄올,23150,B이하,B이하,B이하,C,2013,
55,635,NAVER,35420,B+,B이하,B+,B+,2013,
56,634,NH농협증권,16420,B이하,B이하,B이하,B,2013,
57,633,NH투자증권,5940,B+,B이하,B+,B+,2013,
58,632,NICE,34310,B이하,B이하,B이하,B,2013,
59,631,NI스틸,8260,B이하,B이하,B이하,C,2013,
60,630,OCI,10060,A,A,A,B+,2013,
61,629,S&TC,100840,B이하,B이하,B이하,B,2013,
62,628,S&T모티브,64960,B이하,B이하,B이하,B,2013,
63,627,S&T중공업,3570,B이하,B이하,B이하,B,2013,
64,626,S&T홀딩스,36530,B이하,B이하,B이하,B,2013,
65,625,S-Oil,10950,A+,A+,A+,A,2013,
66,624,SBS,34120,B이하,B이하,B이하,B+,2013,
67,623,SBS미디어홀딩스,101060,B이하,B이하,B이하,C,2013,
68,622,SG세계물산,4060,B이하,B이하,B이하,C,2013,
69,621,SH에너지화학,2360,B이하,B이하,B이하,C,2013,
70,620,SIMPAC,9160,B이하,B이하,B이하,C,2013,
71,619,SK,3600,B이하,B이하,B+,B,2013,
72,618,SK,34730,A,A,A+,B+,2013,
73,617,SKC,11790,A,A,A,B+,2013,
74,616,SK가스,18670,B+,B이하,B+,B+,2013,
75,615,SK네트웍스,1740,B+,B이하,B+,A,2013,
76,614,SK디스커버리,6120,B+,A,B+,B+,2013,
77,613,SK이노베이션,96770,B+,A,A,B,2013,
78,612,SK증권,1510,B이하,B이하,B+,B+,2013,
79,611,SK텔레콤,17670,A,A,A,B+,2013,
80,610,SK하이닉스,660,A,A,A+,B+,2013,
81,609,SPC삼립,5610,B이하,B이하,B이하,B,2013,
82,608,STX,11810,B+,B+,B+,B,2013,
83,607,STX엔진,77970,B+,B+,B+,B,2013,
84,606,STX조선해양,67250,B+,B+,B+,B,2013,
85,605,STX중공업,71970,B이하,B+,B+,C,2013,
86,604,TCC동양,2710,B이하,B이하,B이하,C,2013,
87,603,WISCOM,24070,B이하,B이하,B이하,B,2013,
88,602,YG PLUS,37270,B이하,B이하,B이하,C,2013,
89,601,가온전선,500,B이하,B이하,B이하,B,2013,
90,600,강남제비스코,860,B이하,B이하,B이하,B,2013,
91,599,강원랜드,35250,B+,B+,A,B+,2013,
92,598,갤럭시아에스엠,11420,B이하,B이하,B이하,C,2013,
93,597,경남기업,800,B이하,B이하,B이하,C,2013,
94,596,경남에너지,8020,B이하,B이하,B이하,B,2013,
95,595,경농,2100,B이하,B+,B이하,C,2013,
96,594,경동나비엔,9450,B이하,B이하,B이하,C,2013,
97,593,경동인베스트,12320,B이하,B이하,B이하,B,2013,
98,592,경방,50,B이하,B이하,B이하,B,2013,
99,591,경인양행,12610,B이하,B이하,B이하,B,2013,
100,590,경인전자,9140,B이하,B이하,B이하,B,2013,
101,589,계룡건설산업,13580,B이하,B이하,B+,B,2013,
102,588,계양전기,12200,B이하,B이하,B+,B,2013,
103,587,고려개발,4200,B이하,B이하,B이하,C,2013,
104,586,고려산업,2140,B이하,B이하,B이하,C,2013,
105,585,고려아연,10130,B이하,B+,B이하,B,2013,
106,584,고려제강,2240,B이하,B+,B이하,C,2013,
107,583,골든브릿지증권,1290,B이하,B이하,B이하,C,2013,
108,582,광동제약,9290,B이하,B이하,B이하,B,2013,
109,581,광명전기,17040,B이하,B이하,B이하,B,2013,
110,580,광전자,17900,B이하,B이하,B이하,B,2013,
111,579,광주신세계,37710,B이하,B이하,B+,B,2013,
112,578,교보증권,30610,B이하,B이하,B이하,B,2013,
113,577,국도화학,7690,B이하,B+,B이하,B,2013,
114,576,국동,5320,B이하,B이하,B이하,C,2013,
115,575,국보,1140,B이하,B이하,B이하,C,2013,
116,574,국제약품,2720,B이하,B이하,B이하,C,2013,
117,573,극동유화,14530,B이하,B이하,B이하,B,2013,
118,572,글로스텍,12410,B이하,B이하,B이하,D,2013,
119,571,금강공업,14280,B이하,B이하,B이하,B,2013,
120,570,금비,8870,B이하,B이하,B이하,C,2013,
121,569,금양,1570,B이하,B이하,B이하,B,2013,
122,568,금호산업,2990,B이하,B이하,B+,C,2013,
123,567,금호석유화학,11780,B+,A,B+,B+,2013,
124,566,금호전기,1210,B이하,B이하,B이하,C,2013,
125,565,금호타이어,73240,B이하,B+,B이하,B,2013,
126,564,기신정기,92440,B이하,B이하,B이하,B+,2013,
127,563,기아자동차,270,B+,B+,A,B+,2013,
128,562,기업은행,24110,B+,B+,B+,B+,2013,
129,561,까뮤이앤씨,13700,B이하,B이하,B이하,C,2013,
130,560,깨끗한나라,4540,B이하,B+,B이하,B,2013,
131,559,나노메딕스,74610,B이하,B이하,B이하,C,2013,
132,558,남선알미늄,8350,B이하,B이하,B이하,C,2013,
133,557,남성,4270,B이하,B이하,B이하,C,2013,
134,556,남양유업,3920,B이하,B+,B이하,B,2013,
135,555,남영비비안,2070,B이하,B이하,B이하,C,2013,
136,554,남해화학,25860,B이하,B+,B이하,C,2013,
137,553,넥센,5720,B이하,B이하,B이하,B,2013,
138,552,넥센타이어,2350,B이하,B+,B이하,B,2013,
139,551,넥솔론,110570,B이하,B이하,B이하,B+,2013,
140,550,노루페인트,90350,B이하,B+,B이하,C,2013,
141,549,노루홀딩스,320,B이하,B이하,B이하,B,2013,
142,548,녹십자,6280,B이하,B이하,B이하,C,2013,
143,547,녹십자홀딩스,5250,B이하,B이하,B이하,B,2013,
144,546,농심,4370,B이하,B+,B이하,B,2013,
145,545,농심홀딩스,72710,B이하,B이하,B이하,B,2013,
146,544,다우기술,23590,B이하,B이하,B이하,C,2013,
147,543,대경기계기술,15590,B이하,B이하,B이하,B,2013,
148,542,대교,19680,B이하,B이하,B이하,A,2013,
149,541,대구백화점,6370,B이하,B이하,B이하,B,2013,
150,540,대덕GDS,4130,B이하,B+,B이하,B,2013,
151,539,대덕전자,8060,B+,B+,B+,B,2013,
152,538,대동공업,490,B이하,B이하,B이하,B,2013,
153,537,대동전자,8110,B이하,B이하,B이하,C,2013,
154,536,대림비앤코,5750,B이하,B이하,B이하,B,2013,
155,535,대림산업,210,B+,B+,B+,A,2013,
156,534,대림통상,6570,B이하,B이하,B이하,C,2013,
157,533,대상,1680,B이하,B+,B이하,C,2013,
158,532,대상홀딩스,84690,B이하,B이하,B이하,C,2013,
159,531,대성산업,128820,B이하,B이하,B이하,B,2013,
160,530,대성에너지,117580,B이하,B이하,B이하,B,2013,
161,529,대성합동지주,5620,B이하,B이하,B이하,B,2013,
162,528,대성홀딩스,16710,B이하,B이하,B이하,B,2013,
163,527,대신증권,3540,B이하,B이하,B이하,A,2013,
164,526,대양금속,9190,B이하,B이하,B이하,D,2013,
165,525,대영포장,14160,B이하,B이하,B이하,C,2013,
166,524,대우건설,47040,A,A,A,B+,2013,
167,523,대우부품,9320,B이하,B이하,B이하,C,2013,
168,522,대우조선해양,42660,B+,B+,B+,B+,2013,
169,521,대웅,3090,B이하,B이하,B이하,C,2013,
170,520,대웅제약,69620,B이하,B이하,B이하,B,2013,
171,519,대원강업,430,B이하,B이하,B이하,B,2013,
172,518,대원전선,6340,B이하,B이하,B이하,C,2013,
173,517,대원제약,3220,B이하,B이하,B이하,B,2013,
174,516,대원화성,24890,B이하,B이하,B이하,C,2013,
175,515,대유에이텍,2880,B이하,B이하,B이하,C,2013,
176,514,대유플러스,300,B이하,B이하,B이하,C,2013,
177,513,대창,12800,B이하,B+,B이하,C,2013,
178,512,대창단조,15230,B이하,B이하,B이하,B,2013,
179,511,대한방직,1070,B이하,B이하,B이하,B,2013,
180,510,대한유화,6650,B이하,B이하,B이하,C,2013,
181,509,대한전선,1440,B이하,B+,B이하,C,2013,
182,508,대한제강,84010,B이하,B+,B이하,B,2013,
183,507,대한제당,1790,B이하,B이하,B이하,B,2013,
184,506,대한제분,1130,B이하,B이하,B이하,B,2013,
185,505,대한항공,3490,A,A,A,B+,2013,
186,504,대한화섬,3830,B이하,B이하,B이하,C,2013,
187,503,대현,16090,B이하,B이하,B이하,B,2013,
188,502,대호에이엘,69460,B이하,B이하,B이하,C,2013,
189,501,더존비즈온,12510,B이하,B이하,B이하,C,2013,
190,500,덕성,4830,B이하,B이하,B이하,B,2013,
191,499,덕양산업,24900,B이하,B이하,B이하,C,2013,
192,498,도레이케미칼,8000,B이하,B+,B+,C,2013,
193,497,도화엔지니어링,2150,B이하,B이하,B이하,B+,2013,
194,496,동국실업,1620,B이하,B이하,B이하,C,2013,
195,495,동국제강,1230,B+,B+,B이하,B+,2013,
196,494,동남합성,23450,B이하,B이하,B이하,C,2013,
197,493,동방,4140,B이하,B이하,B이하,B,2013,
198,492,동방아그로,7590,B이하,B이하,B이하,B,2013,
199,491,동부건설,5960,B이하,B이하,B이하,B,2013,
200,490,동부제철,16380,B이하,B+,B+,C,2013,
201,489,동성제약,2210,B이하,B이하,B이하,C,2013,
202,488,동성코퍼레이션,102260,B이하,B이하,B이하,B,2013,
203,487,동성화학,5190,B이하,B이하,B이하,C,2013,
204,486,동아쏘시오홀딩스,640,B이하,B이하,B이하,B+,2013,
205,485,동아에스텍,58730,B이하,B이하,B이하,B,2013,
206,484,동아지질,28100,B이하,B이하,B이하,B,2013,
207,483,동양,1520,B이하,B이하,B이하,B,2013,
208,482,동양고속,84670,B이하,B이하,B이하,B,2013,
209,481,동양네트웍스,30790,B이하,B이하,B이하,C,2013,
210,480,동양물산기업,2900,B이하,B이하,B이하,B,2013,
211,479,동양생명,82640,B이하,B이하,B이하,B+,2013,
212,478,동양철관,8970,B이하,B이하,B이하,C,2013,
213,477,동원,3580,B이하,B이하,B이하,B,2013,
214,476,동원F&B,49770,B이하,B이하,B이하,C,2013,
215,475,동원금속,18500,B이하,B이하,B이하,C,2013,
216,474,동원산업,6040,B이하,B이하,B이하,B,2013,
217,473,동원수산,30720,B이하,B이하,B이하,C,2013,
218,472,동원시스템즈,14820,B이하,B이하,B이하,C,2013,
219,471,동일방직,1530,B이하,B이하,B이하,B,2013,
220,470,동일산업,4890,B이하,B이하,B이하,B,2013,
221,469,동일제지,19300,B이하,B이하,B이하,C,2013,
222,468,동화약품,20,B이하,B이하,B이하,B,2013,
223,467,두산,150,A+,A+,A,A+,2013,
224,466,두산건설,11160,B+,B+,A,B+,2013,
225,465,두산엔진,82740,A,B+,A,A,2013,
226,464,두산인프라코어,42670,A,A,A+,A,2013,
227,463,두산중공업,34020,A+,A+,A+,A,2013,
228,462,디씨엠,24090,B이하,B이하,B이하,B,2013,
229,461,디아이,3160,B이하,B이하,B이하,C,2013,
230,460,디아이씨,92200,B이하,B이하,B이하,B,2013,
231,459,디와이,13570,B이하,B이하,B이하,B,2013,
232,458,디티알오토모티브,7340,B이하,B이하,B이하,C,2013,
233,457,디피씨,26890,B이하,B이하,B이하,B,2013,
234,456,락앤락,115390,B이하,B이하,B이하,B+,2013,
235,455,로케트전기,420,B이하,B이하,B이하,B,2013,
236,454,롯데손해보험,400,B이하,B이하,B+,B+,2013,
237,453,롯데쇼핑,23530,B+,A,B+,B+,2013,
238,452,롯데정밀화학,4000,B이하,B이하,B이하,B,2013,
239,451,롯데지주,4990,B+,B+,B+,B+,2013,
240,450,롯데칠성음료,5300,B+,B+,A,B,2013,
241,449,롯데케미칼,11170,A,A,A,B+,2013,
242,448,롯데푸드,2270,B이하,B+,B이하,C,2013,
243,447,롯데하이마트,71840,B+,B이하,B+,A,2013,
244,446,마니커,27740,B이하,B이하,B이하,D,2013,
245,445,만호제강,1080,B이하,B이하,B이하,B,2013,
246,444,메디플란트,15540,B이하,B이하,B이하,C,2013,
247,443,메리츠금융지주,138040,B이하,B이하,B이하,B+,2013,
248,442,메리츠종금증권,8560,B이하,B이하,B이하,B+,2013,
249,441,메리츠화재,60,B+,B이하,B이하,A,2013,
250,440,명문제약,17180,B이하,B이하,B이하,B,2013,
251,439,모나리자,12690,B이하,B+,B이하,C,2013,
252,438,모나미,5360,B이하,B이하,B이하,C,2013,
253,437,모토닉,9680,B이하,B이하,B이하,B,2013,
254,436,무림P&P,9580,B이하,B+,B이하,B,2013,
255,435,무림페이퍼,9200,B이하,B+,B이하,C,2013,
256,434,무학,33920,B이하,B이하,B이하,B,2013,
257,433,문배철강,8420,B이하,B이하,B이하,C,2013,
258,432,미래산업,25560,B이하,B이하,B이하,B,2013,
259,431,미래아이앤지,7120,B이하,B이하,B이하,B,2013,
260,430,미래에셋대우,6800,B이하,B이하,B이하,B+,2013,
261,429,미래에셋증권,37620,B+,B이하,B+,B+,2013,
262,428,미원상사,2840,B이하,B이하,B이하,B,2013,
263,427,미원홀딩스,107590,B이하,B이하,B이하,B,2013,
264,426,미원화학,134380,B이하,B이하,B이하,C,2013,
265,425,미창석유공업,3650,B이하,B이하,B이하,B,2013,
266,424,방림,3610,B이하,B이하,B이하,B,2013,
267,423,백광산업,1340,B이하,B+,B이하,C,2013,
268,422,백광소재,14580,B이하,B이하,B이하,C,2013,
269,421,백산,35150,B이하,B이하,B이하,B,2013,
270,420,벽산,7210,B이하,B이하,B이하,C,2013,
271,419,보락,2760,B이하,B이하,B이하,B,2013,
272,418,보령제약,3850,B이하,B이하,B이하,C,2013,
273,417,보루네오가구,4740,B이하,B이하,B이하,B,2013,
274,416,보해양조,890,B이하,B이하,B이하,D,2013,
275,415,부광약품,3000,B이하,B이하,B이하,B+,2013,
276,414,부국증권,1270,B이하,B이하,B이하,B,2013,
277,413,부국철강,26940,B이하,B이하,B이하,B,2013,
278,412,부산도시가스,15350,B이하,B이하,B이하,B,2013,
279,411,부산산업,11390,B이하,B이하,B이하,B,2013,
280,410,부산주공,5030,B이하,B이하,B이하,B,2013,
281,409,비상교육,100220,B이하,B이하,B이하,B,2013,
282,408,빙그레,5180,B이하,B이하,B+,B,2013,
283,407,사조동아원,8040,B이하,B이하,B이하,B,2013,
284,406,사조산업,7160,B이하,B이하,B이하,C,2013,
285,405,사조오양,6090,B이하,B이하,B이하,B,2013,
286,404,사조해표,79660,B이하,B이하,B이하,B,2013,
287,403,삼광글라스,5090,B이하,B이하,B이하,C,2013,
288,402,삼부토건,1470,B이하,B이하,B이하,C,2013,
289,401,삼성SDI,6400,A,A+,A,B,2013,
290,400,삼성공조,6660,B이하,B이하,B이하,B,2013,
291,399,삼성물산,830,A,A,A,B+,2013,
292,398,삼성생명,32830,A,A,A+,A,2013,
293,397,삼성엔지니어링,28050,B+,B+,A,B+,2013,
294,396,삼성전기,9150,A+,A+,A+,A,2013,
295,395,삼성전자,5930,A,A,B+,A,2013,
296,394,삼성제약,1360,B이하,B이하,B이하,B,2013,
297,393,삼성중공업,10140,B+,B+,A,B,2013,
298,392,삼성증권,16360,B+,B이하,B+,A,2013,
299,391,삼성출판사,68290,B이하,B이하,B이하,B,2013,
300,390,삼성카드,29780,B이하,B이하,B+,B,2013,
301,389,삼성화재해상보험,810,A,A,A,A,2013,
302,388,삼아알미늄,6110,B이하,B이하,B이하,B,2013,
303,387,삼양사,145990,B+,B+,B+,B,2013,
304,386,삼양식품,3230,B이하,B이하,B이하,C,2013,
305,385,삼양엔텍,8720,B이하,B이하,B이하,C,2013,
306,384,삼양제넥스,3940,B+,B+,B+,B,2013,
307,383,삼양통상,2170,B이하,B이하,B이하,B,2013,
308,382,삼양홀딩스,70,B이하,B이하,B이하,B,2013,
309,381,삼영무역,2810,B이하,B이하,B이하,B,2013,
310,380,삼영전자공업,5680,B+,B+,B+,B,2013,
311,379,삼영화학공업,3720,B이하,B이하,B이하,B,2013,
312,378,삼원강재,23000,B이하,B이하,B이하,C,2013,
313,377,삼익THK,4380,B이하,B이하,B이하,B,2013,
314,376,삼익악기,2450,B이하,B이하,B이하,C,2013,
315,375,삼일제약,520,B이하,B이하,B이하,C,2013,
316,374,삼정펄프,9770,B이하,B이하,B이하,B,2013,
317,373,삼진제약,5500,B이하,B이하,B이하,B,2013,
318,372,삼천리,4690,B+,B이하,B+,B+,2013,
319,371,삼호,1880,B이하,B이하,B+,C,2013,
320,370,삼호개발,10960,B이하,B이하,B이하,B,2013,
321,369,삼화왕관,4450,B이하,B이하,B이하,C,2013,
322,368,삼화전기,9470,B이하,B이하,B이하,B,2013,
323,367,삼화전자공업,11230,B이하,B이하,B이하,C,2013,
324,366,삼화콘덴서공업,1820,B이하,B이하,B이하,B,2013,
325,365,삼화페인트공업,390,B이하,B이하,B이하,B+,2013,
326,364,상신브레이크,41650,B이하,B이하,B이하,B,2013,
327,363,새론오토모티브,75180,B이하,B+,B이하,C,2013,
328,362,샘표,7540,B이하,B+,B이하,B,2013,
329,361,서연,7860,B이하,B이하,B이하,B,2013,
330,360,서울도시가스,17390,B이하,B이하,B+,B,2013,
331,359,서울식품공업,4410,B이하,B이하,B이하,B,2013,
332,358,서원,21050,B이하,B이하,B이하,B,2013,
333,357,서흥,8490,B이하,B이하,B이하,B,2013,
334,356,선도전기,7610,B이하,B이하,B이하,C,2013,
335,355,선진,136490,B이하,B이하,B이하,C,2013,
336,354,선창산업,2820,B이하,B이하,B이하,B,2013,
337,353,성문전자,14910,B이하,B이하,B이하,C,2013,
338,352,성보화학,3080,B이하,B이하,B이하,C,2013,
339,351,성신양회,4980,B+,B+,B이하,B+,2013,
340,350,성안,11300,B이하,B이하,B이하,C,2013,
341,349,성지건설,5980,B이하,B이하,B이하,C,2013,
342,348,성창기업지주,180,B이하,B이하,B이하,C,2013,
343,347,세기상사,2420,B이하,B이하,B이하,B,2013,
344,346,세방,4360,B이하,B이하,B이하,B,2013,
345,345,세방전지,4490,B이하,B+,B이하,B,2013,
346,344,세아베스틸,1430,B이하,B+,B이하,B,2013,
347,343,세아제강,3030,B이하,B+,B이하,B,2013,
348,342,세아특수강,19440,B이하,B이하,B이하,B+,2013,
349,341,세아홀딩스,58650,B이하,B이하,B이하,B,2013,
350,340,세우글로벌,13000,B이하,B이하,B이하,C,2013,
351,339,세원셀론텍,91090,B이하,B이하,B이하,C,2013,
352,338,세원정공,21820,B이하,B이하,B이하,C,2013,
353,337,세이브존I&C,67830,B이하,B이하,B이하,C,2013,
354,336,세종공업,33530,B이하,B이하,B이하,B,2013,
355,335,세하,27970,B이하,B이하,B이하,C,2013,
356,334,송원산업,4430,B이하,B+,B이하,C,2013,
357,333,수산중공업,17550,B이하,B이하,B이하,C,2013,
358,332,신대양제지,16590,B이하,B이하,B이하,C,2013,
359,331,신도리코,29530,B+,B+,B+,B,2013,
360,330,신라교역,4970,B이하,B이하,B이하,B,2013,
361,329,신성에프에이,104120,B이하,B이하,B이하,C,2013,
362,328,신성이엔지,11930,B이하,B이하,B이하,C,2013,
363,327,신성이엔지,104110,B이하,B이하,B이하,C,2013,
364,326,신성통상,5390,B이하,B이하,B이하,C,2013,
365,325,신세계,4170,B+,B+,A,B+,2013,
366,324,신세계I&C,35510,B+,B+,B+,B,2013,
367,323,신세계건설,34300,B이하,B이하,B+,C,2013,
368,322,신세계인터내셔날,31430,B이하,B이하,B이하,B,2013,
369,321,신세계푸드,31440,B이하,B이하,B이하,C,2013,
370,320,신영와코루,5800,B이하,B이하,B이하,C,2013,
371,319,신영증권,1720,B이하,B이하,B이하,B+,2013,
372,318,신원,9270,B이하,B이하,B이하,B,2013,
373,317,신일산업,2700,B이하,B이하,B이하,C,2013,
374,316,신풍제약,19170,B이하,B이하,B이하,B,2013,
375,315,신풍제지,2870,B이하,B+,B이하,B,2013,
376,314,신한,5450,B이하,B이하,B이하,C,2013,
377,313,신한지주,55550,A+,A,A+,A+,2013,
378,312,신화실업,1770,B이하,B이하,B이하,C,2013,
379,311,신흥,4080,B이하,B이하,B이하,B,2013,
380,310,쌍방울,102280,B이하,B이하,B이하,C,2013,
381,309,쌍용양회공업,3410,B이하,B+,B이하,C,2013,
382,308,쌍용자동차,3620,B+,B+,B+,B+,2013,
383,307,써니전자,4770,B이하,B이하,B이하,C,2013,
384,306,씨아이테크,4920,B이하,B이하,B이하,C,2013,
385,305,아남전자,8700,B이하,B이하,B이하,B,2013,
386,304,아모레퍼시픽,90430,B+,B+,A,B+,2013,
387,303,아모레퍼시픽그룹,2790,B이하,B이하,B+,B,2013,
388,302,아비스타,90370,B이하,B이하,B이하,C,2013,
389,301,아세아,2030,B+,B+,B+,B,2013,
390,300,아세아제지,2310,B이하,B이하,B이하,C,2013,
391,299,아시아나항공,20560,B+,A,B+,B+,2013,
392,298,아이마켓코리아,122900,B이하,B이하,B이하,B,2013,
393,297,아이에스동서,10780,B이하,B이하,B이하,C,2013,
394,296,아이에이치큐,3560,B이하,B이하,B이하,C,2013,
395,295,아주캐피탈,33660,B이하,B이하,B이하,B,2013,
396,294,아티스,101140,B이하,B이하,B이하,C,2013,
397,293,알루코,1780,B이하,B이하,B이하,D,2013,
398,292,알보젠코리아,2250,B이하,B이하,B이하,B,2013,
399,291,에넥스,11090,B이하,B이하,B이하,C,2013,
400,290,에스엘,5850,B이하,B이하,B이하,B,2013,
401,289,에스원,12750,B이하,B이하,B+,B,2013,
402,288,에스제이엠,123700,B이하,B이하,B이하,B+,2013,
403,287,에스제이엠홀딩스,25530,B이하,B이하,B이하,B,2013,
404,286,에쓰씨엔지니어링,23960,B이하,B이하,B이하,C,2013,
405,285,에이블씨엔씨,78520,B이하,B이하,B이하,B,2013,
406,284,에이엔피,15260,B이하,B이하,B이하,C,2013,
407,283,에이프로젠KIC,7460,B이하,B이하,B이하,C,2013,
408,282,에이프로젠제약,3060,B이하,B이하,B이하,C,2013,
409,281,엔씨소프트,36570,B이하,B이하,B이하,B+,2013,
410,280,엔케이,85310,B이하,B이하,B이하,C,2013,
411,279,엔케이물산,9810,B이하,B이하,B이하,C,2013,
412,278,엔피씨,4250,B이하,B이하,B이하,B,2013,
413,277,영보화학,14440,B이하,B이하,B이하,C,2013,
414,276,영원무역,111770,B이하,B이하,B이하,C,2013,
415,275,영원무역홀딩스,9970,B이하,B이하,B이하,C,2013,
416,274,영진약품,3520,B이하,B이하,B이하,B,2013,
417,273,영풍,670,B이하,B+,B이하,C,2013,
418,272,영풍제지,6740,B이하,B이하,B이하,C,2013,
419,271,영화금속,12280,B이하,B이하,B이하,C,2013,
420,270,영흥철강,12160,B이하,B이하,B이하,B,2013,
421,269,예스코,15360,B이하,B이하,B+,B+,2013,
422,268,오뚜기,7310,B이하,B+,B이하,C,2013,
423,267,오리엔트바이오,2630,B이하,B이하,B이하,C,2013,
424,266,오리온홀딩스,1800,B이하,B이하,B이하,B,2013,
425,265,와이비로드,10600,B이하,B이하,B이하,C,2013,
426,264,우리금융지주,53000,B+,B이하,B+,A,2013,
427,263,우리들제약,4720,B이하,B이하,B이하,C,2013,
428,262,우리들휴브레인,118000,B이하,B이하,B이하,D,2013,
429,261,우리종금,10050,B이하,B이하,B이하,B+,2013,
430,260,우성사료,6980,B이하,B이하,B이하,B,2013,
431,259,우신시스템,17370,B이하,B이하,B이하,B,2013,
432,258,우진,105840,B이하,B이하,B이하,B+,2013,
433,257,우진플라임,49800,B이하,B이하,B이하,C,2013,
434,256,웅진씽크빅,95720,B이하,B+,B+,C,2013,
435,255,웅진에너지,103130,B이하,B+,B이하,B,2013,
436,254,원림,5820,B이하,B이하,B이하,C,2013,
437,253,윌비스,8600,B이하,B이하,B이하,B,2013,
438,252,유나이티드,33270,B이하,B이하,B이하,B,2013,
439,251,유니드,14830,B이하,B이하,B이하,B,2013,
440,250,유니온,910,B이하,B이하,B이하,B,2013,
441,249,유니온머티리얼,47400,B이하,B이하,B이하,C,2013,
442,248,유니온스틸,3640,B이하,B이하,B이하,B,2013,
443,247,유니켐,11330,B이하,B이하,B이하,C,2013,
444,246,유니퀘스트,77500,B이하,B이하,B이하,B,2013,
445,245,유성기업,2920,B이하,B이하,B이하,B,2013,
446,244,유수홀딩스,700,B이하,B+,B이하,B,2013,
447,243,유안타증권,3470,B이하,B이하,B이하,B+,2013,
448,242,유양디앤유,11690,B이하,B이하,B이하,B,2013,
449,241,유엔젤,72130,B이하,B이하,B이하,B,2013,
450,240,유유제약,220,B이하,B이하,B이하,B,2013,
451,239,유진증권,1200,B이하,B이하,B이하,B+,2013,
452,238,유한양행,100,B이하,B+,B이하,B,2013,
453,237,유화증권,3460,B이하,B이하,B이하,B,2013,
454,236,율촌화학,8730,B이하,B이하,B이하,B,2013,
455,235,이건산업,8250,B이하,B이하,B이하,C,2013,
456,234,이구산업,25820,B이하,B이하,B이하,B,2013,
457,233,이마트,139480,B+,B+,B+,B+,2013,
458,232,이수페타시스,7660,B이하,B이하,B이하,C,2013,
459,231,이수화학,5950,B이하,B+,B+,C,2013,
460,230,이스타코,15020,B이하,B이하,B이하,C,2013,
461,229,이아이디,93230,B이하,B이하,B이하,C,2013,
462,228,이연제약,102460,B이하,B이하,B이하,B,2013,
463,227,이월드,84680,B이하,B이하,B이하,C,2013,
464,226,이화산업,760,B이하,B이하,B이하,C,2013,
465,225,인디에프,14990,B이하,B이하,B이하,C,2013,
466,224,인스코비,6490,B이하,B이하,B이하,C,2013,
467,223,인지컨트롤스,23800,B이하,B이하,B이하,C,2013,
468,222,인천도시가스,34590,B이하,B이하,B이하,C,2013,
469,221,인터지스,129260,B이하,B이하,B이하,C,2013,
470,220,인팩,23810,B이하,B이하,B이하,C,2013,
471,219,일동홀딩스,230,B이하,B이하,B이하,B,2013,
472,218,일성건설,13360,B이하,B이하,B이하,C,2013,
473,217,일신방직,3200,B이하,B이하,B이하,B+,2013,
474,216,일신석재,7110,B이하,B이하,B이하,C,2013,
475,215,일양약품,7570,B이하,B이하,B이하,B,2013,
476,214,일정실업,8500,B이하,B이하,B이하,B,2013,
477,213,일진다이아,81000,B이하,B이하,B이하,B,2013,
478,212,일진디스플,20760,B이하,B이하,B이하,C,2013,
479,211,일진머티리얼즈,20150,B이하,B이하,B이하,C,2013,
480,210,일진전기,103590,B이하,B이하,B이하,C,2013,
481,209,일진홀딩스,15860,B이하,B이하,B이하,C,2013,
482,208,자화전자,33240,B이하,B이하,B이하,C,2013,
483,207,전방,950,B이하,B이하,B이하,B,2013,
484,206,제이에스전선,5560,B이하,B이하,B이하,B,2013,
485,205,제이준코스메틱,25620,B이하,B이하,B이하,C,2013,
486,204,제일기획,30000,B이하,B이하,B이하,B,2013,
487,203,제일모직,1300,A,A,B+,A,2013,
488,202,제일연마,1560,B이하,B이하,B이하,B,2013,
489,201,제일파마홀딩스,2620,B이하,B이하,B이하,B,2013,
490,200,제주은행,6220,B+,B이하,B이하,A,2013,
491,199,조광페인트,4910,B이하,B이하,B이하,C,2013,
492,198,조광피혁,4700,B이하,B이하,B이하,B,2013,
493,197,조비,1550,B이하,B이하,B이하,D,2013,
494,196,조선내화,480,B이하,B이하,B+,B,2013,
495,195,조선선재,120030,B이하,B이하,B이하,C,2013,
496,194,조일알미늄,18470,B이하,B+,B이하,B,2013,
497,193,조흥,2600,B이하,B이하,B이하,C,2013,
498,192,종근당바이오,63160,B이하,B이하,B이하,B,2013,
499,191,종근당홀딩스,1630,B이하,B이하,B이하,B,2013,
500,190,주연테크,44380,B이하,B이하,B이하,C,2013,
501,189,지역난방공사,71320,B+,B+,B+,B+,2013,
502,188,지코,10580,B이하,B이하,B이하,B,2013,
503,187,지투알,35000,B이하,B이하,B이하,B,2013,
504,186,진도,88790,B이하,B이하,B이하,C,2013,
505,185,진양산업,3780,B이하,B이하,B이하,C,2013,
506,184,진양폴리우레탄,10640,B이하,B이하,B이하,C,2013,
507,183,진양홀딩스,100250,B이하,B이하,B이하,B,2013,
508,182,진양화학,51630,B이하,B이하,B이하,B,2013,
509,181,진원생명과학,11000,B이하,B이하,B이하,C,2013,
510,180,진흥기업,2780,B+,B+,B+,B,2013,
511,179,참엔지니어링,9310,B이하,B이하,B이하,B,2013,
512,178,천일고속,650,B이하,B이하,B이하,C,2013,
513,177,청호컴넷,12600,B이하,B이하,B이하,C,2013,
514,176,체시스,33250,B이하,B이하,B이하,C,2013,
515,175,카프로,6380,B이하,B+,B이하,B,2013,
516,174,케이씨,29460,B이하,B이하,B이하,B,2013,
517,173,케이씨씨,2380,B+,B+,B이하,B+,2013,
518,172,케이씨티시,9070,B이하,B이하,B이하,C,2013,
519,171,케이티,30200,A,A,A,A+,2013,
520,170,케이티스,58860,B이하,B이하,B이하,B+,2013,
521,169,케이티스카이라이프,53210,B이하,B이하,B+,B,2013,
522,168,케이티앤지,33780,A,A,A,A+,2013,
523,167,코리아써키트,7810,B이하,B이하,B이하,C,2013,
524,166,코리안리,3690,B+,B이하,B이하,A,2013,
525,165,코스맥스비티아이,44820,B이하,B이하,B이하,B,2013,
526,164,코스모신소재,5070,B이하,B이하,B이하,C,2013,
527,163,코스모화학,5420,B이하,B+,B이하,B,2013,
528,162,코아스,71950,B이하,B이하,B이하,B,2013,
529,161,코오롱,2020,B이하,B이하,B이하,B,2013,
530,160,코오롱글로벌,3070,B이하,B이하,B이하,B+,2013,
531,159,코오롱인더,120110,B+,B+,B이하,B+,2013,
532,158,코오롱플라스틱,138490,B+,B+,B+,B+,2013,
533,157,코웨이,21240,B+,A,A,B,2013,
534,156,콤텍시스템,31820,B이하,B이하,B이하,B,2013,
535,155,크라운해태홀딩스,5740,B이하,B이하,B이하,B,2013,
536,154,키움증권,39490,B이하,B이하,B이하,B+,2013,
537,153,키위미디어그룹,12170,B이하,B이하,B이하,C,2013,
538,152,태경산업,15890,B이하,B이하,B이하,B,2013,
539,151,태경화학,6890,B이하,B이하,B이하,C,2013,
540,150,태광산업,3240,B이하,B이하,B이하,D,2013,
541,149,태림포장,11280,B이하,B이하,B이하,C,2013,
542,148,태양금속공업,4100,B이하,B이하,B이하,B,2013,
543,147,태영건설,9410,B이하,B이하,B이하,B+,2013,
544,146,태원물산,1420,B이하,B이하,B이하,B,2013,
545,145,태평양물산,7980,B이하,B이하,B이하,B,2013,
546,144,텔코웨어,78000,B이하,B이하,B이하,B,2013,
547,143,티비에이치글로벌,84870,B이하,B이하,B이하,C,2013,
548,142,티에이치엔,19180,B이하,B이하,B이하,C,2013,
549,141,티웨이홀딩스,4870,B이하,B이하,B이하,D,2013,
550,140,티이씨코,8900,B이하,B이하,B이하,D,2013,
551,139,팀스,134790,B이하,B이하,B이하,B,2013,
552,138,파미셀,5690,B이하,B이하,B이하,C,2013,
553,137,파브코,101990,B이하,B이하,B이하,B,2013,
554,136,팜스코,36580,B이하,B이하,B이하,C,2013,
555,135,팬오션,28670,B+,B+,B+,B,2013,
556,134,퍼스텍,10820,B이하,B이하,B이하,B,2013,
557,133,퍼시스,16800,B이하,B+,B이하,B,2013,
558,132,페이퍼코리아,1020,B이하,B이하,B이하,C,2013,
559,131,평화산업,90080,B이하,B이하,B이하,B,2013,
560,130,평화홀딩스,10770,B이하,B이하,B이하,B,2013,
561,129,포스코,5490,A,A,A,A+,2013,
562,128,포스코강판,58430,B+,B+,B+,B,2013,
563,127,포스코대우,47050,B+,B이하,B+,B+,2013,
564,126,포스코플랜텍,51310,B이하,B+,B+,C,2013,
565,125,폴루스바이오팜,7630,B이하,B이하,B이하,C,2013,
566,124,풀무원,17810,A,B+,A,A,2013,
567,123,풍산,103140,B+,B+,B이하,B+,2013,
568,122,풍산홀딩스,5810,B이하,B이하,B이하,B,2013,
569,121,필룩스,33180,B이하,B이하,B이하,B,2013,
570,120,하나금융지주,86790,A,B+,B+,A+,2013,
571,119,하나투어,39130,B이하,B이하,B이하,B,2013,
572,118,하이스틸,71090,B이하,B이하,B이하,B,2013,
573,117,하이트론씨스템즈,19490,B이하,B이하,B이하,B,2013,
574,116,하이트진로,80,B+,B+,B+,B,2013,
575,115,하이트진로홀딩스,140,B이하,B이하,B이하,B+,2013,
576,114,한국가스공사,36460,B+,B+,A,B+,2013,
577,113,한국공항,5430,B이하,B이하,B+,C,2013,
578,112,한국금융지주,71050,B이하,B이하,B이하,A,2013,
579,111,한국내화,10040,B이하,B이하,B이하,B,2013,
580,110,한국단자공업,25540,B이하,B이하,B이하,B,2013,
581,109,한국석유공업,4090,B이하,B이하,B이하,B,2013,
582,108,한국수출포장공업,2200,B이하,B+,B이하,B,2013,
583,107,한국쉘석유,2960,B+,B+,B+,B+,2013,
584,106,한국유리공업,2000,B이하,B이하,B이하,C,2013,
585,105,한국전력공사,15760,A,A,A,B+,2013,
586,104,한국전자홀딩스,6200,B이하,B이하,B이하,C,2013,
587,103,한국제지,2300,B이하,B+,B이하,B,2013,
588,102,한국종합기술,23350,B이하,B이하,B이하,B,2013,
589,101,한국주강,25890,B이하,B이하,B이하,C,2013,
590,100,한국주철관공업,970,B이하,B이하,B이하,C,2013,
591,99,한국철강,104700,B+,B+,B이하,B+,2013,
592,98,한국카본,17960,B이하,B이하,B이하,B,2013,
593,97,한국콜마홀딩스,24720,B이하,B이하,B이하,C,2013,
594,96,한국타이어월드와이드,240,A,A,A,B+,2013,
595,95,한국특수형강,7280,B이하,B이하,B이하,B,2013,
596,94,한국프랜지공업,10100,B이하,B이하,B이하,C,2013,
597,93,한국항공우주,47810,B+,B이하,B+,B+,2013,
598,92,한국화장품,123690,B이하,B이하,B이하,B,2013,
599,91,한국화장품제조,3350,B이하,B이하,B이하,C,2013,
600,90,한농화성,11500,B이하,B이하,B이하,B,2013,
601,89,한독,2390,B+,B+,B이하,B+,2013,
602,88,한라,14790,B+,B이하,B+,B+,2013,
603,87,한라홀딩스,60980,B이하,B+,B이하,B,2013,
604,86,한미글로벌,53690,B이하,B이하,B이하,B,2013,
605,85,한미반도체,42700,B이하,B이하,B이하,B+,2013,
606,84,한미사이언스,8930,B이하,B이하,B이하,B,2013,
607,83,한미약품,128940,B+,B+,B+,B,2013,
608,82,한샘,9240,B이하,B이하,B이하,B+,2013,
609,81,한섬,20000,B이하,B이하,B이하,B,2013,
610,80,한성기업,3680,B이하,B이하,B이하,C,2013,
611,79,한세실업,105630,B이하,B이하,B이하,B,2013,
612,78,한세엠케이,69640,B이하,B이하,B이하,B,2013,
613,77,한세예스24홀딩스,16450,B이하,B이하,B이하,B,2013,
614,76,한솔로지스틱스,9180,B이하,B이하,B이하,C,2013,
615,75,한솔아트원제지,7190,B이하,B이하,B이하,C,2013,
616,74,한솔케미칼,14680,B이하,B+,B이하,C,2013,
617,73,한솔테크닉스,4710,B이하,B이하,B이하,B,2013,
618,72,한솔피엔에스,10420,B이하,B이하,B이하,C,2013,
619,71,한솔홀딩스,4150,B+,B+,B+,B,2013,
620,70,한솔홈데코,25750,B이하,B+,B이하,C,2013,
621,69,한신공영,4960,B이하,B이하,B이하,B,2013,
622,68,한신기계공업,11700,B이하,B이하,B이하,B,2013,
623,67,한양증권,1750,B이하,B이하,B이하,B+,2013,
624,66,한온시스템,18880,B이하,B+,B이하,C,2013,
625,65,한올바이오파마,9420,B이하,B이하,B이하,B,2013,
626,64,한익스프레스,14130,B이하,B이하,B이하,C,2013,
627,63,한일시멘트,3300,B이하,B+,B이하,B,2013,
628,62,한일철강,2220,B이하,B이하,B이하,C,2013,
629,61,한전KPS,51600,B+,B이하,A,B,2013,
630,60,한전기술,52690,B이하,B+,B이하,B,2013,
631,59,한전산업,130660,B이하,B이하,B이하,C,2013,
632,58,한진,2320,B이하,B+,B이하,B,2013,
633,57,한진중공업,97230,B이하,B이하,B이하,B,2013,
634,56,한진중공업홀딩스,3480,B이하,B이하,B이하,B+,2013,
635,55,한진해운,117930,B이하,B+,B+,C,2013,
636,54,한창,5110,B이하,B이하,B이하,C,2013,
637,53,한창제지,9460,B이하,B이하,B이하,B,2013,
638,52,한화,880,B이하,B+,B이하,D,2013,
639,51,한화갤러리아타임월드,27390,B이하,B이하,B+,C,2013,
640,50,한화생명,88350,B+,B이하,B이하,A,2013,
641,49,한화손해보험,370,B이하,B이하,B이하,B,2013,
642,48,한화케미칼,9830,B+,B+,A,B,2013,
643,47,한화테크윈,12450,A,A,A,B+,2013,
644,46,한화투자증권,3530,B이하,B이하,B이하,B+,2013,
645,45,한화화인케미칼,25850,B이하,B이하,B이하,B,2013,
646,44,현대EP,89470,B이하,B이하,B이하,C,2013,
647,43,현대건설,720,B+,B+,B+,B+,2013,
648,42,현대그린푸드,5440,B이하,B이하,B+,B,2013,
649,41,현대글로비스,86280,B+,B이하,B+,B+,2013,
650,40,현대리바트,79430,B이하,B+,B이하,C,2013,
651,39,현대모비스,12330,B+,B+,B+,B+,2013,
652,38,현대미포조선,10620,A,A,A,B+,2013,
653,37,현대백화점,69960,B이하,B이하,B+,B,2013,
654,36,현대비앤지스틸,4560,B이하,B이하,B이하,C,2013,
655,35,현대산업개발,12630,B이하,B이하,B이하,B+,2013,
656,34,현대상선,11200,B+,B+,B+,B+,2013,
657,33,현대시멘트,6390,B이하,B이하,B이하,C,2013,
658,32,현대약품,4310,B이하,B이하,B이하,B,2013,
659,31,현대에이치씨엔,126560,B이하,B이하,B이하,B,2013,
660,30,현대엘리베이터,17800,B+,B이하,B+,B+,2013,
661,29,현대위아,11210,B+,B+,B+,B,2013,
662,28,현대자동차,5380,A,A,A,B+,2013,
663,27,현대제철,4020,B+,B+,B+,B+,2013,
664,26,현대종합상사,11760,B+,B이하,B+,B+,2013,
665,25,현대중공업,9540,A,A,A,B+,2013,
666,24,현대차투자증권,1500,B이하,B이하,B이하,B,2013,
667,23,현대하이스코,10520,B+,B+,B+,B+,2013,
668,22,현대해상,1450,B+,B이하,A,A,2013,
669,21,현대홈쇼핑,57050,B이하,B이하,B이하,B,2013,
670,20,형지엘리트,93240,B이하,B이하,B이하,C,2013,
671,19,혜인,3010,B이하,B이하,B이하,B,2013,
672,18,호텔신라,8770,B이하,B이하,B이하,C,2013,
673,17,화성산업,2460,B이하,B이하,B이하,B+,2013,
674,16,화승알앤에이,13520,B이하,B+,B이하,C,2013,
675,15,화승인더스트리,6060,B이하,B+,B이하,C,2013,
676,14,화신,10690,B이하,B이하,B이하,C,2013,
677,13,화천기계,10660,B이하,B이하,B이하,B,2013,
678,12,화천기공,850,B이하,B이하,B이하,B,2013,
679,11,환인제약,16580,B이하,B이하,B이하,B+,2013,
680,10,황금에스티,32560,B이하,B이하,B이하,B,2013,
681,9,효성,4800,B+,B+,B+,B+,2013,
682,8,효성 ITX,94280,B이하,B이하,B+,C,2013,
683,7,후성,93370,B이하,B이하,B이하,C,2013,
684,6,휠라코리아,81660,B이하,B이하,B이하,B,2013,
685,5,휴니드테크놀러지스,5870,B이하,B이하,B이하,B,2013,
686,4,휴스틸,5010,B이하,B이하,B이하,B,2013,
687,3,휴켐스,69260,B+,B+,B+,B,2013,
688,2,흥국화재,540,B이하,B이하,B이하,B,2013,
689,1,흥아해운,3280,B이하,B이하,B이하,B,2013,
0,692,AJ렌터카,68400,B이하,B이하,B이하,C,2014,
1,691,AK홀딩스,6840,B이하,B이하,B이하,C,2014,
2,690,BNK금융지주,138930,A,B이하,A,A+,2014,
3,689,BYC,1460,B이하,B이하,B이하,C,2014,
4,688,CJ,1040,B+,B+,A,B,2014,
5,687,CJ CGV,79160,B이하,B이하,B+,C,2014,
6,686,CJ대한통운,120,B+,B+,A,B+,2014,
7,685,CJ씨푸드,11150,B이하,B이하,B이하,B,2014,
8,684,CJ제일제당,97950,B+,A,A,B,2014,
9,683,CJ헬로,37560,B이하,B이하,B이하,B+,2014,
10,682,CS홀딩스,590,B이하,B이하,B이하,C,2014,
11,681,DB,12030,B이하,B이하,B이하,B,2014,
12,680,DB금융투자,16610,B이하,B이하,B이하,B,2014,
13,679,DB손해보험,5830,A,B+,B+,A+,2014,
14,678,DB하이텍,990,B이하,B이하,B+,B,2014,
15,677,DGB금융지주,139130,A,A,A,A,2014,
16,676,DRB동일,4840,B이하,B이하,B이하,C,2014,
17,675,DSR제강,69730,B이하,B이하,B이하,C,2014,
18,674,E1,17940,B이하,B이하,B이하,B+,2014,
19,673,F&F,7700,B이하,B이하,B이하,B,2014,
20,672,GKL,114090,B이하,B이하,B이하,B,2014,
21,671,GS,78930,B이하,B이하,B이하,B+,2014,
22,670,GS건설,6360,A,A,A,B+,2014,
23,669,GS글로벌,1250,B이하,B이하,B이하,B,2014,
24,668,GS리테일,7070,B+,B+,B이하,B+,2014,
25,667,JW중외제약,1060,B이하,B이하,B이하,C,2014,
26,666,JW홀딩스,96760,B이하,B이하,B이하,B,2014,
27,665,KB금융,105560,A,A,B+,A,2014,
28,664,KB캐피탈,21960,B이하,B이하,B이하,B+,2014,
29,663,KC그린홀딩스,9440,B이하,B이하,B이하,B,2014,
30,662,KC코트렐,119650,B이하,B+,B이하,B,2014,
31,661,KEC,92220,B이하,B+,B이하,B,2014,
32,660,KGP,109070,B이하,B이하,B이하,C,2014,
33,659,KG케미칼,1390,B이하,B이하,B이하,C,2014,
34,658,KISCO홀딩스,1940,B이하,B이하,B이하,B,2014,
35,657,KPX그린케미칼,83420,B이하,B+,B이하,C,2014,
36,656,KPX케미칼,25000,B이하,B이하,B이하,B,2014,
37,655,KPX홀딩스,92230,B이하,B이하,B이하,B,2014,
38,654,KR모터스,40,B이하,B이하,B이하,B,2014,
39,653,KSS해운,44450,B이하,B이하,B이하,B+,2014,
40,652,KTB투자증권,30210,B이하,B이하,B이하,B,2014,
41,651,KTcs,58850,B이하,B이하,B이하,B,2014,
42,650,LF,93050,B이하,B이하,B이하,B,2014,
43,649,LG,3550,B+,B이하,B+,A,2014,
44,648,LG디스플레이,34220,A,A,A,B+,2014,
45,647,LG상사,1120,B+,B+,B+,B+,2014,
46,646,LG생명과학,68870,B+,B이하,B+,B+,2014,
47,645,LG생활건강,51900,A,A,A,B+,2014,
48,644,LG유플러스,32640,A,A,B+,A,2014,
49,643,LG이노텍,11070,A,A,A,A,2014,
50,642,LG전자,66570,A,A+,A,B+,2014,
51,641,LG하우시스,108670,A,A,A,B+,2014,
52,640,LG화학,51910,A,B+,A,A,2014,
53,639,LS,6260,B이하,B이하,B이하,B+,2014,
54,638,LS네트웍스,680,B이하,B이하,B이하,B,2014,
55,637,LS산전,10120,B+,B+,B+,B+,2014,
56,636,MH에탄올,23150,B이하,B이하,B이하,B,2014,
57,635,NAVER,35420,B+,B이하,B+,A,2014,
58,634,NH농협증권,16420,B이하,B이하,B이하,B,2014,
59,633,NH투자증권,5940,B+,B이하,B+,A,2014,
60,632,NICE,34310,B이하,B이하,B이하,B,2014,
61,631,NI스틸,8260,B이하,B이하,B이하,C,2014,
62,630,OCI,10060,B+,B+,A,B+,2014,
63,629,S&TC,100840,B이하,B이하,B이하,B,2014,
64,628,S&T모티브,64960,B이하,B이하,B이하,B,2014,
65,627,S&T중공업,3570,B이하,B+,B이하,B,2014,
66,626,S&T홀딩스,36530,B이하,B이하,B이하,B,2014,
67,625,S-Oil,10950,A+,A+,A,A+,2014,
68,624,SBS,34120,B이하,B이하,B이하,B+,2014,
69,623,SBS미디어홀딩스,101060,B이하,B이하,B이하,B,2014,
70,622,SG세계물산,4060,B이하,B이하,B이하,C,2014,
71,621,SG충방,1380,B이하,B이하,B이하,C,2014,
72,620,SH에너지화학,2360,B이하,B이하,B이하,C,2014,
73,619,SIMPAC,9160,B이하,B이하,B이하,B,2014,
74,618,SK,3600,B이하,B이하,B+,C,2014,
75,617,SK,34730,A,A+,A,B,2014,
76,616,SKC,11790,A,A,A,B+,2014,
77,615,SK가스,18670,B+,B이하,B+,B+,2014,
78,614,SK네트웍스,1740,B+,B이하,A,B+,2014,
79,613,SK디스커버리,6120,B+,B+,B+,B+,2014,
80,612,SK이노베이션,96770,B+,A,A,B,2014,
81,611,SK증권,1510,B이하,B이하,B+,B+,2014,
82,610,SK텔레콤,17670,A,A,B+,A+,2014,
83,609,SK하이닉스,660,B+,B+,A,B,2014,
84,608,SPC삼립,5610,B이하,B이하,B이하,C,2014,
85,607,TCC동양,2710,B이하,B이하,B이하,C,2014,
86,606,WISCOM,24070,B이하,B이하,B이하,B,2014,
87,605,YG PLUS,37270,B이하,B이하,B이하,C,2014,
88,604,가온전선,500,B이하,B이하,B+,B,2014,
89,603,강남제비스코,860,B이하,B이하,B이하,B,2014,
90,602,강원랜드,35250,B+,B+,A,B+,2014,
91,601,갤럭시아에스엠,11420,B이하,B이하,B이하,C,2014,
92,600,경남기업,800,B이하,B이하,B이하,C,2014,
93,599,경남에너지,8020,B이하,B이하,B이하,B,2014,
94,598,경농,2100,B이하,B이하,B이하,C,2014,
95,597,경동나비엔,9450,B이하,B이하,B이하,C,2014,
96,596,경동인베스트,12320,B이하,B이하,B이하,C,2014,
97,595,경방,50,B이하,B이하,B이하,B,2014,
98,594,경인양행,12610,B이하,B이하,B이하,B,2014,
99,593,경인전자,9140,B이하,B이하,B이하,B,2014,
100,592,계룡건설산업,13580,B이하,B이하,B이하,B,2014,
101,591,계양전기,12200,B이하,B이하,B이하,B,2014,
102,590,고려개발,4200,B이하,B이하,B이하,C,2014,
103,589,고려산업,2140,B이하,B이하,B이하,B,2014,
104,588,고려아연,10130,B+,B+,B이하,B+,2014,
105,587,고려제강,2240,B이하,B이하,B이하,B,2014,
106,586,골든브릿지증권,1290,B이하,B이하,B이하,B,2014,
107,585,광동제약,9290,B이하,B이하,B이하,C,2014,
108,584,광명전기,17040,B이하,B이하,B이하,C,2014,
109,583,광전자,17900,B이하,B이하,B이하,B,2014,
110,582,광주신세계,37710,B이하,B이하,B+,B,2014,
111,581,교보증권,30610,B이하,B이하,B이하,B,2014,
112,580,국도화학,7690,B이하,B+,B이하,C,2014,
113,579,국동,5320,B이하,B이하,B이하,B,2014,
114,578,국보,1140,B이하,B이하,B이하,C,2014,
115,577,국제약품,2720,B이하,B이하,B이하,B,2014,
116,576,극동유화,14530,B이하,B이하,B이하,C,2014,
117,575,금강공업,14280,B이하,B이하,B이하,B,2014,
118,574,금비,8870,B이하,B이하,B이하,C,2014,
119,573,금양,1570,B이하,B이하,B이하,B,2014,
120,572,금호산업,2990,B+,B+,B+,B,2014,
121,571,금호석유화학,11780,B+,B+,B+,B,2014,
122,570,금호전기,1210,B이하,B이하,B이하,B,2014,
123,569,금호타이어,73240,B+,A,B+,B+,2014,
124,568,기신정기,92440,B이하,B이하,B이하,B+,2014,
125,567,기아자동차,270,B+,B+,A,B+,2014,
126,566,기업은행,24110,B+,B+,B+,B+,2014,
127,565,까뮤이앤씨,13700,B이하,B이하,B이하,C,2014,
128,564,깨끗한나라,4540,B이하,B+,B이하,B,2014,
129,563,나노메딕스,74610,B이하,B이하,B이하,B,2014,
130,562,남선알미늄,8350,B이하,B이하,B이하,C,2014,
131,561,남성,4270,B이하,B이하,B이하,C,2014,
132,560,남양유업,3920,B이하,B이하,B이하,C,2014,
133,559,남영비비안,2070,B이하,B이하,B이하,B,2014,
134,558,남해화학,25860,B이하,B+,B이하,B,2014,
135,557,넥센,5720,B이하,B이하,B이하,B,2014,
136,556,넥센타이어,2350,B이하,B+,B이하,B,2014,
137,555,넥솔론,110570,B이하,B이하,B이하,B+,2014,
138,554,노루페인트,90350,B이하,B+,B이하,B,2014,
139,553,노루홀딩스,320,B이하,B이하,B이하,B,2014,
140,552,녹십자,6280,B이하,B이하,B이하,B,2014,
141,551,녹십자홀딩스,5250,B이하,B이하,B이하,B,2014,
142,550,농심,4370,B이하,B+,B이하,B,2014,
143,549,농심홀딩스,72710,B이하,B이하,B이하,C,2014,
144,548,다우기술,23590,B이하,B이하,B이하,C,2014,
145,547,다우인큐브,20120,B이하,B이하,B이하,C,2014,
146,546,대경기계기술,15590,B이하,B이하,B이하,B,2014,
147,545,대교,19680,B+,B이하,B이하,A+,2014,
148,544,대구백화점,6370,B이하,B이하,B이하,B,2014,
149,543,대덕GDS,4130,B이하,B+,B이하,B,2014,
150,542,대덕전자,8060,B+,B+,B+,B,2014,
151,541,대동공업,490,B이하,B이하,B이하,C,2014,
152,540,대동전자,8110,B이하,B이하,B이하,C,2014,
153,539,대림비앤코,5750,B이하,B이하,B이하,C,2014,
154,538,대림산업,210,A,A,A,A,2014,
155,537,대림통상,6570,B이하,B이하,B이하,B,2014,
156,536,대상,1680,B이하,B이하,B이하,C,2014,
157,535,대상홀딩스,84690,B이하,B이하,B이하,B,2014,
158,534,대성산업,128820,B이하,B+,B이하,B,2014,
159,533,대성에너지,117580,B이하,B이하,B이하,B,2014,
160,532,대성합동지주,5620,B이하,B이하,B이하,B,2014,
161,531,대성홀딩스,16710,B이하,B이하,B이하,B,2014,
162,530,대신증권,3540,B이하,B이하,B이하,B+,2014,
163,529,대양금속,9190,B이하,B이하,B이하,C,2014,
164,528,대영포장,14160,B이하,B이하,B이하,C,2014,
165,527,대우건설,47040,B이하,A,A,D,2014,
166,526,대우부품,9320,B이하,B이하,B이하,C,2014,
167,525,대우조선해양,42660,B+,B+,B이하,B+,2014,
168,524,대웅,3090,B이하,B이하,B이하,C,2014,
169,523,대웅제약,69620,B이하,B이하,B이하,B,2014,
170,522,대원강업,430,B이하,B+,B이하,B,2014,
171,521,대원전선,6340,B이하,B이하,B이하,C,2014,
172,520,대원제약,3220,B이하,B이하,B이하,B+,2014,
173,519,대원화성,24890,B이하,B+,B이하,B,2014,
174,518,대유에이텍,2880,B이하,B이하,B이하,C,2014,
175,517,대유플러스,300,B이하,B+,B이하,C,2014,
176,516,대창,12800,B이하,B+,B이하,C,2014,
177,515,대창단조,15230,B이하,B이하,B이하,B,2014,
178,514,대한방직,1070,B이하,B이하,B이하,B,2014,
179,513,대한유화,6650,B이하,B+,B이하,C,2014,
180,512,대한전선,1440,B이하,B+,B이하,C,2014,
181,511,대한제강,84010,B이하,B+,B이하,B,2014,
182,510,대한제당,1790,B이하,B이하,B이하,B,2014,
183,509,대한제분,1130,B이하,B이하,B이하,C,2014,
184,508,대한항공,3490,B+,B+,A,B+,2014,
185,507,대한해운,5880,B이하,B이하,B이하,D,2014,
186,506,대한화섬,3830,B이하,B이하,B이하,B,2014,
187,505,대현,16090,B이하,B이하,B이하,B+,2014,
188,504,대호에이엘,69460,B이하,B+,B이하,C,2014,
189,503,더존비즈온,12510,B이하,B이하,B이하,C,2014,
190,502,덕성,4830,B이하,B이하,B이하,C,2014,
191,501,덕양산업,24900,B이하,B이하,B이하,C,2014,
192,500,도레이케미칼,8000,B+,B+,B+,B,2014,
193,499,도화엔지니어링,2150,B이하,B이하,B이하,B,2014,
194,498,동국실업,1620,B이하,B이하,B이하,C,2014,
195,497,동국제강,1230,B+,B+,B이하,B+,2014,
196,496,동남합성,23450,B이하,B이하,B이하,C,2014,
197,495,동방,4140,B이하,B이하,B이하,C,2014,
198,494,동방아그로,7590,B이하,B이하,B이하,B,2014,
199,493,동부건설,5960,B이하,B이하,B이하,B,2014,
200,492,동부제철,16380,B이하,B+,B이하,B,2014,
201,491,동성제약,2210,B이하,B이하,B이하,C,2014,
202,490,동성코퍼레이션,102260,B이하,B이하,B이하,B,2014,
203,489,동성화학,5190,B이하,B이하,B이하,B,2014,
204,488,동아쏘시오홀딩스,640,B이하,B이하,B이하,B,2014,
205,487,동아에스텍,58730,B이하,B이하,B이하,B+,2014,
206,486,동아지질,28100,B이하,B이하,B이하,B,2014,
207,485,동양고속,84670,B이하,B이하,B이하,B,2014,
208,484,동양물산기업,2900,B이하,B이하,B이하,B,2014,
209,483,동양생명,82640,B이하,B이하,B이하,B+,2014,
210,482,동양철관,8970,B이하,B이하,B이하,C,2014,
211,481,동원,3580,B이하,B이하,B이하,C,2014,
212,480,동원F&B,49770,B이하,B이하,B이하,C,2014,
213,479,동원금속,18500,B이하,B이하,B이하,C,2014,
214,478,동원산업,6040,B이하,B이하,B이하,B,2014,
215,477,동원수산,30720,B이하,B이하,B이하,C,2014,
216,476,동원시스템즈,14820,B이하,B이하,B이하,C,2014,
217,475,동일고무벨트,163560,B이하,B이하,B이하,C,2014,
218,474,동일방직,1530,B이하,B이하,B이하,B,2014,
219,473,동일산업,4890,B이하,B+,B이하,B,2014,
220,472,동일제지,19300,B이하,B이하,B이하,C,2014,
221,471,동화약품,20,B이하,B이하,B이하,B,2014,
222,470,두산,150,A,A,A,A,2014,
223,469,두산건설,11160,B+,B+,A,B+,2014,
224,468,두산엔진,82740,A,B+,A,A,2014,
225,467,두산인프라코어,42670,A,A,A+,A,2014,
226,466,두산중공업,34020,A,A,A,A,2014,
227,465,디씨엠,24090,B이하,B이하,B이하,B,2014,
228,464,디아이,3160,B이하,B이하,B이하,C,2014,
229,463,디아이씨,92200,B이하,B이하,B이하,B,2014,
230,462,디와이,13570,B이하,B이하,B이하,B,2014,
231,461,디티알오토모티브,7340,B이하,B이하,B이하,C,2014,
232,460,디피씨,26890,B이하,B이하,B이하,B,2014,
233,459,락앤락,115390,B이하,B이하,B이하,B+,2014,
234,458,롯데관광개발,32350,B이하,B이하,B이하,B,2014,
235,457,롯데손해보험,400,B+,B이하,A,B+,2014,
236,456,롯데쇼핑,23530,A,A,A,A,2014,
237,455,롯데정밀화학,4000,B+,B+,B+,B+,2014,
238,454,롯데지주,4990,B+,A,B+,B+,2014,
239,453,롯데칠성음료,5300,B+,B+,B+,B+,2014,
240,452,롯데케미칼,11170,A,A+,A,B+,2014,
241,451,롯데푸드,2270,B이하,B+,B이하,C,2014,
242,450,롯데하이마트,71840,B+,B이하,B+,A,2014,
243,449,마니커,27740,B이하,B이하,B이하,C,2014,
244,448,만호제강,1080,B이하,B이하,B이하,B,2014,
245,447,메디플란트,15540,B이하,B이하,B이하,C,2014,
246,446,메리츠금융지주,138040,B이하,B이하,B이하,B+,2014,
247,445,메리츠종금증권,8560,B이하,B이하,B이하,B+,2014,
248,444,메리츠화재,60,B+,B이하,B+,A+,2014,
249,443,명문제약,17180,B이하,B이하,B이하,B,2014,
250,442,모나리자,12690,B이하,B이하,B이하,C,2014,
251,441,모나미,5360,B이하,B이하,B이하,B,2014,
252,440,모토닉,9680,B이하,B이하,B이하,B,2014,
253,439,무림P&P,9580,B이하,B+,B이하,C,2014,
254,438,무림페이퍼,9200,B이하,B+,B이하,C,2014,
255,437,무학,33920,B이하,B이하,B이하,B+,2014,
256,436,문배철강,8420,B이하,B이하,B이하,C,2014,
257,435,미래산업,25560,B이하,B이하,B이하,B,2014,
258,434,미래아이앤지,7120,B이하,B이하,B이하,C,2014,
259,433,미래에셋대우,6800,B+,B+,B+,B+,2014,
260,432,미래에셋증권,37620,B+,B이하,B+,B+,2014,
261,431,미원상사,2840,B이하,B이하,B이하,C,2014,
262,430,미원홀딩스,107590,B이하,B이하,B이하,B,2014,
263,429,미원화학,134380,B이하,B이하,B이하,C,2014,
264,428,미창석유공업,3650,B이하,B이하,B이하,B+,2014,
265,427,방림,3610,B이하,B이하,B이하,B,2014,
266,426,백광산업,1340,B이하,B+,B이하,B,2014,
267,425,백광소재,14580,B이하,B이하,B이하,C,2014,
268,424,백산,35150,B이하,B이하,B이하,C,2014,
269,423,벽산,7210,B이하,B이하,B이하,B,2014,
270,422,보락,2760,B이하,B이하,B이하,B,2014,
271,421,보령제약,3850,B이하,B이하,B이하,C,2014,
272,420,보해양조,890,B이하,B이하,B이하,C,2014,
273,419,부광약품,3000,B이하,B이하,B이하,B+,2014,
274,418,부국증권,1270,B이하,B이하,B이하,B,2014,
275,417,부국철강,26940,B이하,B이하,B이하,C,2014,
276,416,부산도시가스,15350,B이하,B이하,B+,B,2014,
277,415,부산산업,11390,B이하,B이하,B이하,B,2014,
278,414,부산주공,5030,B이하,B+,B이하,B,2014,
279,413,비상교육,100220,B이하,B이하,B이하,B,2014,
280,412,빙그레,5180,B이하,B이하,B+,B,2014,
281,411,사조대림,3960,B이하,B이하,B이하,C,2014,
282,410,사조동아원,8040,B이하,B이하,B이하,C,2014,
283,409,사조산업,7160,B이하,B이하,B이하,C,2014,
284,408,사조씨푸드,14710,B이하,B이하,B이하,C,2014,
285,407,사조오양,6090,B이하,B이하,B이하,C,2014,
286,406,사조해표,79660,B이하,B이하,B이하,B,2014,
287,405,삼광글라스,5090,B이하,B이하,B이하,B,2014,
288,404,삼부토건,1470,B이하,B이하,B이하,B,2014,
289,403,삼성SDI,6400,A,A,A,B+,2014,
290,402,삼성공조,6660,B이하,B이하,B이하,B,2014,
291,401,삼성물산,830,B+,A,A,B,2014,
292,400,삼성생명,32830,A,A,A+,A,2014,
293,399,삼성엔지니어링,28050,A,A,A,B+,2014,
294,398,삼성전기,9150,A+,A+,A+,A,2014,
295,397,삼성전자,5930,A,A,A+,A,2014,
296,396,삼성제약,1360,B이하,B이하,B이하,B,2014,
297,395,삼성중공업,10140,B+,A,A,B,2014,
298,394,삼성증권,16360,B+,B이하,A,A,2014,
299,393,삼성출판사,68290,B이하,B이하,B이하,B,2014,
300,392,삼성카드,29780,B이하,B이하,B+,B+,2014,
301,391,삼성화재해상보험,810,A,A,A,A,2014,
302,390,삼아알미늄,6110,B이하,B이하,B이하,B,2014,
303,389,삼양사,145990,B+,B+,B+,B,2014,
304,388,삼양식품,3230,B이하,B이하,B이하,C,2014,
305,387,삼양엔텍,8720,B이하,B이하,B이하,C,2014,
306,386,삼양제넥스,3940,B+,B+,B+,B+,2014,
307,385,삼양통상,2170,B이하,B이하,B이하,B,2014,
308,384,삼양홀딩스,70,B이하,B이하,B이하,C,2014,
309,383,삼영무역,2810,B이하,B이하,B이하,B,2014,
310,382,삼영전자공업,5680,B이하,B+,B이하,B,2014,
311,381,삼영화학공업,3720,B이하,B이하,B이하,B,2014,
312,380,삼원강재,23000,B이하,B+,B이하,C,2014,
313,379,삼익THK,4380,B이하,B이하,B이하,C,2014,
314,378,삼익악기,2450,B이하,B이하,B이하,C,2014,
315,377,삼일제약,520,B이하,B이하,B이하,B,2014,
316,376,삼정펄프,9770,B이하,B이하,B이하,B,2014,
317,375,삼진제약,5500,B이하,B이하,B이하,B,2014,
318,374,삼천리,4690,B+,B+,B+,B+,2014,
319,373,삼호,1880,B+,B+,B+,B,2014,
320,372,삼호개발,10960,B이하,B이하,B이하,B,2014,
321,371,삼화왕관,4450,B이하,B이하,B이하,C,2014,
322,370,삼화전기,9470,B이하,B+,B이하,B,2014,
323,369,삼화전자공업,11230,B이하,B이하,B이하,C,2014,
324,368,삼화콘덴서공업,1820,B이하,B이하,B이하,B,2014,
325,367,삼화페인트공업,390,B+,B+,B+,B+,2014,
326,366,삼환기업,360,B이하,B이하,B이하,C,2014,
327,365,상신브레이크,41650,B이하,B이하,B이하,B,2014,
328,364,새론오토모티브,75180,B이하,B+,B+,C,2014,
329,363,샘표,7540,B이하,B이하,B이하,B,2014,
330,362,서연,7860,B이하,B이하,B이하,B,2014,
331,361,서울도시가스,17390,B이하,B이하,B이하,B+,2014,
332,360,서울식품공업,4410,B이하,B이하,B이하,B,2014,
333,359,서원,21050,B이하,B이하,B이하,B,2014,
334,358,서흥,8490,B이하,B이하,B이하,B,2014,
335,357,선도전기,7610,B이하,B이하,B이하,B,2014,
336,356,선진,136490,B이하,B이하,B이하,C,2014,
337,355,선창산업,2820,B이하,B이하,B이하,B,2014,
338,354,성문전자,14910,B이하,B이하,B이하,C,2014,
339,353,성보화학,3080,B이하,B이하,B이하,B,2014,
340,352,성신양회,4980,B+,B+,B이하,B+,2014,
341,351,성안,11300,B이하,B이하,B이하,C,2014,
342,350,성지건설,5980,B이하,B이하,B이하,C,2014,
343,349,성창기업지주,180,B이하,B이하,B이하,C,2014,
344,348,세기상사,2420,B이하,B이하,B이하,B,2014,
345,347,세방,4360,B이하,B이하,B이하,B+,2014,
346,346,세방전지,4490,B이하,B+,B이하,B,2014,
347,345,세아베스틸,1430,B이하,B이하,B이하,B,2014,
348,344,세아제강,3030,B이하,B+,B이하,B,2014,
349,343,세아특수강,19440,B이하,B+,B이하,B,2014,
350,342,세아홀딩스,58650,B이하,B이하,B이하,B,2014,
351,341,세우글로벌,13000,B이하,B이하,B이하,C,2014,
352,340,세원셀론텍,91090,B이하,B이하,B이하,C,2014,
353,339,세원정공,21820,B이하,B이하,B이하,B,2014,
354,338,세이브존I&C,67830,B이하,B이하,B이하,C,2014,
355,337,세종공업,33530,B이하,B이하,B이하,B,2014,
356,336,세하,27970,B이하,B이하,B이하,B,2014,
357,335,송원산업,4430,B이하,B+,B이하,B,2014,
358,334,수산중공업,17550,B이하,B이하,B이하,C,2014,
359,333,신대양제지,16590,B이하,B이하,B이하,C,2014,
360,332,신도리코,29530,B이하,B이하,B이하,B+,2014,
361,331,신라교역,4970,B이하,B이하,B이하,B,2014,
362,330,신성에프에이,104120,B이하,B이하,B이하,C,2014,
363,329,신성이엔지,104110,B이하,B이하,B이하,C,2014,
364,328,신성이엔지,11930,B이하,B이하,B이하,C,2014,
365,327,신성통상,5390,B이하,B이하,B이하,C,2014,
366,326,신세계,4170,B+,B+,B+,B+,2014,
367,325,신세계I&C,35510,B이하,B이하,B+,B,2014,
368,324,신세계건설,34300,B이하,B이하,A,C,2014,
369,323,신세계인터내셔날,31430,B+,B+,B+,B,2014,
370,322,신세계푸드,31440,B이하,B+,B+,C,2014,
371,321,신영와코루,5800,B이하,B이하,B이하,C,2014,
372,320,신영증권,1720,B이하,B이하,B이하,B,2014,
373,319,신원,9270,B이하,B이하,B이하,B,2014,
374,318,신일산업,2700,B이하,B이하,B이하,C,2014,
375,317,신풍제약,19170,B이하,B이하,B이하,B,2014,
376,316,신풍제지,2870,B이하,B+,B이하,B,2014,
377,315,신한,5450,B이하,B이하,B이하,C,2014,
378,314,신한지주,55550,A,A,A,A+,2014,
379,313,신화실업,1770,B이하,B이하,B이하,C,2014,
380,312,신흥,4080,B이하,B이하,B이하,B,2014,
381,311,쌍방울,102280,B이하,B이하,B이하,C,2014,
382,310,쌍용양회공업,3410,B이하,B+,B+,C,2014,
383,309,쌍용자동차,3620,B+,B+,B+,B+,2014,
384,308,써니전자,4770,B이하,B이하,B이하,B,2014,
385,307,씨아이테크,4920,B이하,B이하,B이하,D,2014,
386,306,아남전자,8700,B이하,B이하,B이하,C,2014,
387,305,아모레퍼시픽,90430,B+,B+,A,B+,2014,
388,304,아모레퍼시픽그룹,2790,B이하,B이하,B이하,B,2014,
389,303,아비스타,90370,B이하,B이하,B이하,C,2014,
390,302,아세아,2030,B이하,B+,B+,C,2014,
391,301,아세아제지,2310,B이하,B이하,B이하,C,2014,
392,300,아시아나항공,20560,B+,B+,A,C,2014,
393,299,아이마켓코리아,122900,B이하,B이하,B이하,B,2014,
394,298,아이에스동서,10780,B이하,B이하,B이하,B,2014,
395,297,아이에이치큐,3560,B이하,B이하,B이하,C,2014,
396,296,아주캐피탈,33660,B이하,B이하,B이하,B,2014,
397,295,아티스,101140,B이하,B이하,B이하,C,2014,
398,294,알루코,1780,B이하,B이하,B이하,C,2014,
399,293,알보젠코리아,2250,B이하,B이하,B이하,B,2014,
400,292,애경유화,161000,B이하,B이하,B이하,C,2014,
401,291,에넥스,11090,B이하,B이하,B이하,B,2014,
402,290,에스엘,5850,B이하,B이하,B이하,B,2014,
403,289,에스원,12750,B이하,B이하,B+,B,2014,
404,288,에스제이엠,123700,B이하,B이하,B이하,B,2014,
405,287,에스제이엠홀딩스,25530,B이하,B이하,B이하,B,2014,
406,286,에쓰씨엔지니어링,23960,B이하,B이하,B이하,C,2014,
407,285,에이블씨엔씨,78520,B이하,B이하,B이하,B,2014,
408,284,에이엔피,15260,B이하,B이하,B이하,C,2014,
409,283,에이프로젠KIC,7460,B이하,B이하,B이하,D,2014,
410,282,에이프로젠제약,3060,B이하,B이하,B이하,C,2014,
411,281,엔씨소프트,36570,B이하,B이하,B이하,B+,2014,
412,280,엔케이,85310,B이하,B이하,B이하,B,2014,
413,279,엔케이물산,9810,B이하,B이하,B이하,C,2014,
414,278,엔피씨,4250,B이하,B이하,B이하,C,2014,
415,277,영보화학,14440,B이하,B이하,B이하,C,2014,
416,276,영원무역,111770,B이하,B이하,B이하,B,2014,
417,275,영원무역홀딩스,9970,B이하,B이하,B이하,C,2014,
418,274,영진약품,3520,B이하,B이하,B이하,B,2014,
419,273,영풍,670,B이하,B+,B이하,C,2014,
420,272,영풍제지,6740,B이하,B이하,B이하,C,2014,
421,271,영화금속,12280,B이하,B이하,B이하,C,2014,
422,270,영흥철강,12160,B이하,B이하,B이하,B,2014,
423,269,예스코,15360,B+,B이하,A,B+,2014,
424,268,오뚜기,7310,B이하,B+,B이하,C,2014,
425,267,오리엔트바이오,2630,B이하,B이하,B이하,C,2014,
426,266,오리온홀딩스,1800,B이하,B이하,B이하,B,2014,
427,265,와이비로드,10600,B이하,B이하,B이하,C,2014,
428,264,우리금융지주,53000,A,B+,A,A+,2014,
429,263,우리들제약,4720,B이하,B이하,B이하,C,2014,
430,262,우리들휴브레인,118000,B이하,B이하,B이하,D,2014,
431,261,우리종금,10050,B이하,B이하,B이하,C,2014,
432,260,우성사료,6980,B이하,B이하,B이하,B,2014,
433,259,우신시스템,17370,B이하,B이하,B이하,C,2014,
434,258,우진,105840,B이하,B이하,B이하,B,2014,
435,257,우진플라임,49800,B이하,B이하,B이하,B,2014,
436,256,웅진씽크빅,95720,B이하,B이하,B+,B,2014,
437,255,웅진에너지,103130,B+,A,B이하,B,2014,
438,254,원림,5820,B이하,B이하,B이하,C,2014,
439,253,윌비스,8600,B이하,B이하,B이하,B,2014,
440,252,유나이티드,33270,B이하,B이하,B이하,B,2014,
441,251,유니드,14830,B이하,B이하,B이하,B,2014,
442,250,유니온,910,B이하,B이하,B이하,B,2014,
443,249,유니온머티리얼,47400,B이하,B이하,B이하,C,2014,
444,248,유니온스틸,3640,B이하,B+,B이하,B,2014,
445,247,유니퀘스트,77500,B이하,B이하,B이하,B,2014,
446,246,유성기업,2920,B이하,B이하,B이하,C,2014,
447,245,유수홀딩스,700,B이하,B이하,B+,B,2014,
448,244,유안타증권,3470,B이하,B이하,B이하,C,2014,
449,243,유양디앤유,11690,B이하,B이하,B이하,B,2014,
450,242,유엔젤,72130,B이하,B이하,B이하,C,2014,
451,241,유유제약,220,B이하,B이하,B이하,B,2014,
452,240,유진증권,1200,B이하,B이하,B이하,B,2014,
453,239,유한양행,100,B+,B+,B+,B,2014,
454,238,유화증권,3460,B이하,B이하,B이하,C,2014,
455,237,율촌화학,8730,B이하,B이하,B이하,B,2014,
456,236,이건산업,8250,B이하,B이하,B이하,B,2014,
457,235,이구산업,25820,B이하,B+,B이하,B,2014,
458,234,이마트,139480,A,A+,B+,B+,2014,
459,233,이수페타시스,7660,B이하,B+,B이하,C,2014,
460,232,이수화학,5950,B이하,B+,B이하,C,2014,
461,231,이스타코,15020,B이하,B이하,B이하,C,2014,
462,230,이아이디,93230,B이하,B이하,B이하,C,2014,
463,229,이연제약,102460,B이하,B이하,B이하,B,2014,
464,228,이월드,84680,B이하,B이하,B이하,C,2014,
465,227,이화산업,760,B이하,B이하,B이하,C,2014,
466,226,인디에프,14990,B이하,B이하,B이하,B,2014,
467,225,인스코비,6490,B이하,B이하,B이하,D,2014,
468,224,인지컨트롤스,23800,B이하,B이하,B이하,C,2014,
469,223,인천도시가스,34590,B이하,B이하,B이하,B,2014,
470,222,인터지스,129260,B이하,B이하,B이하,C,2014,
471,221,인팩,23810,B이하,B이하,B이하,C,2014,
472,220,일동홀딩스,230,B이하,B이하,B이하,C,2014,
473,219,일성건설,13360,B이하,B이하,B이하,C,2014,
474,218,일성신약,3120,B이하,B이하,B이하,B,2014,
475,217,일신방직,3200,B이하,B이하,B이하,B+,2014,
476,216,일신석재,7110,B이하,B이하,B이하,C,2014,
477,215,일양약품,7570,B이하,B이하,B이하,B,2014,
478,214,일정실업,8500,B이하,B이하,B이하,B,2014,
479,213,일진다이아,81000,B이하,B이하,B이하,C,2014,
480,212,일진디스플,20760,B이하,B이하,B이하,C,2014,
481,211,일진머티리얼즈,20150,B이하,B+,B이하,B,2014,
482,210,일진전기,103590,B이하,B이하,B이하,C,2014,
483,209,일진홀딩스,15860,B이하,B이하,B이하,C,2014,
484,208,자화전자,33240,B이하,B+,B이하,B,2014,
485,207,전방,950,B이하,B이하,B이하,B,2014,
486,206,제일기획,30000,B이하,B이하,B이하,B,2014,
487,205,제일모직,1300,A,A,A,B+,2014,
488,204,제일연마,1560,B이하,B이하,B이하,B,2014,
489,203,제일파마홀딩스,2620,B이하,B이하,B이하,B,2014,
490,202,제주은행,6220,B+,B이하,B이하,A,2014,
491,201,조광페인트,4910,B이하,B이하,B이하,C,2014,
492,200,조광피혁,4700,B이하,B이하,B이하,B,2014,
493,199,조비,1550,B이하,B이하,B이하,C,2014,
494,198,조선내화,480,B이하,B이하,B이하,B,2014,
495,197,조선선재,120030,B이하,B이하,B이하,C,2014,
496,196,조일알미늄,18470,B이하,B이하,B이하,B,2014,
497,195,조흥,2600,B이하,B이하,B이하,B,2014,
498,194,종근당바이오,63160,B이하,B이하,B이하,C,2014,
499,193,종근당홀딩스,1630,B이하,B이하,B이하,B,2014,
500,192,주연테크,44380,B이하,B이하,B이하,C,2014,
501,191,지엠비코리아,13870,B이하,B이하,B이하,B+,2014,
502,190,지역난방공사,71320,B+,B+,B+,A,2014,
503,189,지코,10580,B이하,B이하,B이하,B,2014,
504,188,지투알,35000,B이하,B이하,B이하,B+,2014,
505,187,진도,88790,B이하,B이하,B이하,C,2014,
506,186,진양산업,3780,B이하,B이하,B이하,C,2014,
507,185,진양폴리우레탄,10640,B이하,B이하,B이하,B,2014,
508,184,진양홀딩스,100250,B이하,B이하,B이하,B,2014,
509,183,진양화학,51630,B이하,B이하,B이하,B,2014,
510,182,진원생명과학,11000,B이하,B이하,B이하,C,2014,
511,181,진흥기업,2780,B이하,B+,B이하,D,2014,
512,180,참엔지니어링,9310,B이하,B이하,B이하,B,2014,
513,179,천일고속,650,B이하,B이하,B이하,C,2014,
514,178,청호컴넷,12600,B이하,B이하,B이하,C,2014,
515,177,체시스,33250,B이하,B이하,B이하,C,2014,
516,176,카프로,6380,B이하,B+,B이하,C,2014,
517,175,케이씨,29460,B이하,B이하,B이하,B,2014,
518,174,케이씨씨,2380,B+,B+,B이하,B+,2014,
519,173,케이씨티시,9070,B이하,B이하,B이하,B,2014,
520,172,케이티,30200,A,A,B+,A+,2014,
521,171,케이티스,58860,B이하,B이하,B이하,B+,2014,
522,170,케이티스카이라이프,53210,B이하,B이하,B이하,B,2014,
523,169,케이티앤지,33780,A,B+,A,A+,2014,
524,168,코리아써키트,7810,B이하,B+,B이하,B,2014,
525,167,코리안리,3690,B이하,B이하,B이하,A,2014,
526,166,코스맥스비티아이,44820,B이하,B이하,B이하,B,2014,
527,165,코스모신소재,5070,B+,B+,B+,B,2014,
528,164,코스모화학,5420,B이하,B+,B이하,B,2014,
529,163,코아스,71950,B이하,B이하,B이하,B,2014,
530,162,코오롱,2020,B이하,B이하,B이하,B,2014,
531,161,코오롱글로벌,3070,B이하,B이하,B이하,B,2014,
532,160,코오롱머티리얼,144620,B이하,B이하,B이하,C,2014,
533,159,코오롱인더,120110,B+,B+,B이하,B+,2014,
534,158,코오롱플라스틱,138490,B+,B+,B+,B+,2014,
535,157,코웨이,21240,B+,A,A,B,2014,
536,156,콤텍시스템,31820,B이하,B이하,B이하,C,2014,
537,155,크라운해태홀딩스,5740,B이하,B이하,B이하,B,2014,
538,154,키움증권,39490,B이하,B이하,B이하,B+,2014,
539,153,키위미디어그룹,12170,B이하,B이하,B이하,D,2014,
540,152,태경산업,15890,B이하,B이하,B이하,C,2014,
541,151,태경화학,6890,B이하,B이하,B이하,C,2014,
542,150,태광산업,3240,B이하,B이하,B이하,C,2014,
543,149,태림포장,11280,B이하,B이하,B이하,C,2014,
544,148,태양금속공업,4100,B이하,B+,B이하,B,2014,
545,147,태영건설,9410,B+,B+,B+,B+,2014,
546,146,태원물산,1420,B이하,B이하,B이하,C,2014,
547,145,태평양물산,7980,B이하,B이하,B이하,B,2014,
548,144,텔코웨어,78000,B이하,B이하,B이하,B,2014,
549,143,티비에이치글로벌,84870,B이하,B이하,B이하,B,2014,
550,142,티에이치엔,19180,B이하,B이하,B이하,C,2014,
551,141,티웨이홀딩스,4870,B이하,B이하,B이하,C,2014,
552,140,팀스,134790,B이하,B이하,B이하,C,2014,
553,139,파미셀,5690,B이하,B이하,B이하,B,2014,
554,138,파브코,101990,B이하,B이하,B이하,C,2014,
555,137,팜스코,36580,B이하,B이하,B이하,C,2014,
556,136,퍼스텍,10820,B이하,B이하,B이하,B,2014,
557,135,퍼시스,16800,B이하,B+,B이하,B,2014,
558,134,페이퍼코리아,1020,B이하,B이하,B이하,C,2014,
559,133,평화산업,90080,B이하,B이하,B이하,B,2014,
560,132,평화홀딩스,10770,B이하,B이하,B이하,B,2014,
561,131,포스코,5490,A,B+,A,A+,2014,
562,130,포스코강판,58430,B이하,B+,B이하,B,2014,
563,129,포스코대우,47050,B+,B이하,B+,B+,2014,
564,128,포스코플랜텍,51310,B이하,B이하,A,C,2014,
565,127,폴루스바이오팜,7630,B이하,B이하,B이하,C,2014,
566,126,풀무원,17810,B+,B이하,A,A,2014,
567,125,풍산,103140,B+,B+,B이하,B+,2014,
568,124,풍산홀딩스,5810,B이하,B이하,B이하,B,2014,
569,123,필룩스,33180,B이하,B이하,B이하,B,2014,
570,122,하나금융지주,86790,A,B이하,B+,A+,2014,
571,121,하나투어,39130,B이하,B이하,B이하,B,2014,
572,120,하이스틸,71090,B이하,B이하,B이하,B,2014,
573,119,하이트론씨스템즈,19490,B이하,B이하,B이하,B,2014,
574,118,하이트진로,80,B+,B+,B이하,B+,2014,
575,117,하이트진로홀딩스,140,B이하,B이하,B이하,B,2014,
576,116,한국가스공사,36460,A,A,A,A,2014,
577,115,한국공항,5430,B이하,B이하,B+,C,2014,
578,114,한국금융지주,71050,B이하,B이하,B이하,A,2014,
579,113,한국내화,10040,B이하,B이하,B이하,C,2014,
580,112,한국단자공업,25540,B이하,B이하,B이하,B,2014,
581,111,한국석유공업,4090,B이하,B이하,B이하,B,2014,
582,110,한국수출포장공업,2200,B이하,B+,B이하,B,2014,
583,109,한국쉘석유,2960,B+,B+,B+,B+,2014,
584,108,한국유리공업,2000,B이하,B이하,B이하,C,2014,
585,107,한국전력공사,15760,A,A,B+,A,2014,
586,106,한국전자홀딩스,6200,B이하,B이하,B이하,C,2014,
587,105,한국제지,2300,B이하,B+,B이하,B,2014,
588,104,한국종합기술,23350,B이하,B이하,B이하,B,2014,
589,103,한국주강,25890,B이하,B이하,B이하,C,2014,
590,102,한국주철관공업,970,B이하,B이하,B이하,B,2014,
591,101,한국철강,104700,B+,B+,B이하,B+,2014,
592,100,한국카본,17960,B이하,B이하,B이하,B,2014,
593,99,한국콜마,161890,B이하,B이하,B이하,C,2014,
594,98,한국콜마홀딩스,24720,B이하,B이하,B이하,C,2014,
595,97,한국타이어,161390,A,A,A,B+,2014,
596,96,한국타이어월드와이드,240,B+,B+,A,B+,2014,
597,95,한국특수형강,7280,B이하,B이하,B이하,B,2014,
598,94,한국프랜지공업,10100,B이하,B이하,B이하,C,2014,
599,93,한국항공우주,47810,B+,B+,B이하,B+,2014,
600,92,한국화장품,123690,B이하,B이하,B이하,C,2014,
601,91,한국화장품제조,3350,B이하,B이하,B이하,B,2014,
602,90,한농화성,11500,B이하,B이하,B이하,B,2014,
603,89,한독,2390,B+,B+,B이하,B+,2014,
604,88,한라,14790,B이하,B이하,B+,B,2014,
605,87,한라홀딩스,60980,B+,B+,B이하,B+,2014,
606,86,한미글로벌,53690,B이하,B이하,B이하,B,2014,
607,85,한미반도체,42700,B이하,B이하,B이하,B,2014,
608,84,한미사이언스,8930,B이하,B이하,B이하,B,2014,
609,83,한미약품,128940,B+,B+,B+,B+,2014,
610,82,한샘,9240,B이하,B이하,B이하,B+,2014,
611,81,한섬,20000,B이하,B이하,B이하,B,2014,
612,80,한성기업,3680,B이하,B이하,B이하,C,2014,
613,79,한세실업,105630,B이하,B이하,B이하,B+,2014,
614,78,한세엠케이,69640,B이하,B이하,B이하,B,2014,
615,77,한세예스24홀딩스,16450,B이하,B이하,B이하,B,2014,
616,76,한솔로지스틱스,9180,B이하,B이하,B이하,C,2014,
617,75,한솔아트원제지,7190,B이하,B+,B이하,C,2014,
618,74,한솔케미칼,14680,B+,B+,B이하,B+,2014,
619,73,한솔테크닉스,4710,B이하,B이하,B이하,B,2014,
620,72,한솔피엔에스,10420,B이하,B이하,B이하,C,2014,
621,71,한솔홀딩스,4150,B+,B+,B+,B,2014,
622,70,한솔홈데코,25750,B이하,B+,B이하,C,2014,
623,69,한신공영,4960,B이하,B이하,B이하,B,2014,
624,68,한신기계공업,11700,B이하,B이하,B이하,C,2014,
625,67,한양증권,1750,B이하,B이하,B이하,B,2014,
626,66,한온시스템,18880,B이하,B+,B+,C,2014,
627,65,한올바이오파마,9420,B이하,B이하,B이하,B,2014,
628,64,한익스프레스,14130,B이하,B이하,B이하,B,2014,
629,63,한일시멘트,3300,B이하,B+,B이하,B,2014,
630,62,한일철강,2220,B이하,B이하,B이하,C,2014,
631,61,한전KPS,51600,B+,B+,B+,B,2014,
632,60,한전기술,52690,B이하,B+,B이하,B,2014,
633,59,한전산업,130660,B이하,B이하,B이하,B,2014,
634,58,한진,2320,B이하,B이하,B이하,C,2014,
635,57,한진중공업,97230,B이하,B+,B이하,B,2014,
636,56,한진중공업홀딩스,3480,B이하,B이하,B이하,B+,2014,
637,55,한진해운,117930,B+,B+,B+,B,2014,
638,54,한창,5110,B이하,B이하,B이하,D,2014,
639,53,한창제지,9460,B이하,B이하,B이하,B,2014,
640,52,한화,880,B+,B+,A,B+,2014,
641,51,한화갤러리아타임월드,27390,B이하,B이하,B+,B,2014,
642,50,한화생명,88350,B+,B이하,B이하,A,2014,
643,49,한화손해보험,370,B이하,B이하,B이하,B+,2014,
644,48,한화케미칼,9830,B+,B+,A,B,2014,
645,47,한화테크윈,12450,A,A,A,B+,2014,
646,46,한화투자증권,3530,B이하,B이하,B이하,B,2014,
647,45,한화화인케미칼,25850,B이하,B+,B이하,B,2014,
648,44,현대EP,89470,B이하,B이하,B이하,C,2014,
649,43,현대건설,720,B+,A,B+,B+,2014,
650,42,현대그린푸드,5440,B이하,B이하,B이하,B+,2014,
651,41,현대글로비스,86280,B이하,B이하,B이하,B+,2014,
652,40,현대리바트,79430,B이하,B이하,B이하,B,2014,
653,39,현대모비스,12330,A,A,A,B+,2014,
654,38,현대미포조선,10620,A,A,A,B+,2014,
655,37,현대백화점,69960,B이하,B이하,B+,B+,2014,
656,36,현대비앤지스틸,4560,B이하,B+,B이하,C,2014,
657,35,현대산업개발,12630,B이하,B이하,B이하,B+,2014,
658,34,현대상선,11200,B이하,B+,B이하,B,2014,
659,33,현대약품,4310,B+,B+,B이하,B+,2014,
660,32,현대에이치씨엔,126560,B이하,B이하,B+,B,2014,
661,31,현대엘리베이터,17800,B이하,B이하,B+,B,2014,
662,30,현대위아,11210,B+,B+,B+,B,2014,
663,29,현대자동차,5380,B+,B이하,B+,B+,2014,
664,28,현대제철,4020,B+,B+,A,B+,2014,
665,27,현대종합상사,11760,B이하,B이하,B+,B+,2014,
666,26,현대중공업,9540,A,A,B+,A,2014,
667,25,현대차투자증권,1500,B이하,B이하,B이하,B,2014,
668,24,현대하이스코,10520,B+,B+,B이하,B+,2014,
669,23,현대해상,1450,A,B+,A,A,2014,
670,22,현대홈쇼핑,57050,B이하,B이하,B이하,B+,2014,
671,21,형지엘리트,93240,B이하,B이하,B이하,C,2014,
672,20,혜인,3010,B이하,B이하,B이하,B,2014,
673,19,호텔신라,8770,B이하,B이하,B이하,C,2014,
674,18,화성산업,2460,B이하,B이하,B이하,B+,2014,
675,17,화승알앤에이,13520,B이하,B+,B이하,C,2014,
676,16,화승인더스트리,6060,B이하,B이하,B이하,C,2014,
677,15,화신,10690,B이하,B이하,B이하,B,2014,
678,14,화천기계,10660,B이하,B이하,B이하,B,2014,
679,13,화천기공,850,B이하,B이하,B이하,B,2014,
680,12,환인제약,16580,B이하,B이하,B이하,B+,2014,
681,11,황금에스티,32560,B이하,B이하,B이하,B,2014,
682,10,효성,4800,B이하,B이하,B+,B,2014,
683,9,효성 ITX,94280,B이하,B이하,B+,B,2014,
684,8,후성,93370,B이하,B이하,B이하,C,2014,
685,7,휠라코리아,81660,B이하,B이하,B이하,B,2014,
686,6,휴니드테크놀러지스,5870,B이하,B이하,B이하,B,2014,
687,5,휴비스,79980,B이하,B이하,B이하,C,2014,
688,4,휴스틸,5010,B이하,B+,B이하,B,2014,
689,3,휴켐스,69260,B+,B+,B+,B,2014,
690,2,흥국화재,540,B이하,B이하,B이하,B,2014,
691,1,흥아해운,3280,B이하,B이하,B이하,B,2014,
0,693,AJ렌터카,68400,B이하,B이하,B이하,C,2015,
1,692,AK홀딩스,6840,B이하,B이하,B이하,C,2015,
2,691,BNK금융지주,138930,A,B이하,A,A+,2015,
3,690,BYC,1460,B이하,B이하,B이하,C,2015,
4,689,CJ,1040,B+,B+,A,B,2015,
5,688,CJ CGV,79160,B이하,B이하,B이하,B,2015,
6,687,CJ대한통운,120,B+,B+,B+,B+,2015,
7,686,CJ씨푸드,11150,B이하,B+,B이하,B,2015,
8,685,CJ제일제당,97950,B+,A,B+,B,2015,
9,684,CJ헬로,37560,B이하,B이하,B이하,B,2015,
10,683,CS홀딩스,590,B이하,B이하,B이하,B,2015,
11,682,DB,12030,B이하,B이하,B이하,C,2015,
12,681,DB금융투자,16610,B+,B이하,B이하,A,2015,
13,680,DB손해보험,5830,A,B+,A,A,2015,
14,679,DB하이텍,990,B이하,B+,B+,C,2015,
15,678,DGB금융지주,139130,A,A,B+,A+,2015,
16,677,DRB동일,4840,B이하,B이하,B이하,C,2015,
17,676,DSR,155660,B이하,B이하,B이하,C,2015,
18,675,DSR제강,69730,B이하,B이하,B이하,C,2015,
19,674,E1,17940,B이하,B이하,B+,B,2015,
20,673,F&F,7700,B이하,B이하,B이하,B,2015,
21,672,GKL,114090,B이하,B이하,B+,B+,2015,
22,671,GS,78930,B이하,B이하,B이하,B,2015,
23,670,GS건설,6360,B+,A,A,B,2015,
24,669,GS글로벌,1250,B이하,B이하,B이하,B,2015,
25,668,GS리테일,7070,B이하,B이하,B이하,B,2015,
26,667,JB금융지주,175330,B이하,B이하,B이하,A+,2015,
27,666,JW중외제약,1060,B이하,B이하,B이하,C,2015,
28,665,JW홀딩스,96760,B이하,B이하,B이하,B,2015,
29,664,KB금융,105560,B+,B+,B+,A,2015,
30,663,KB캐피탈,21960,B이하,B이하,B이하,A,2015,
31,662,KC그린홀딩스,9440,B이하,B이하,B이하,B,2015,
32,661,KC코트렐,119650,B이하,B이하,B이하,B,2015,
33,660,KEC,92220,B이하,B+,B이하,C,2015,
34,659,KGP,109070,B이하,B이하,B이하,C,2015,
35,658,KG케미칼,1390,B이하,B이하,B이하,B,2015,
36,657,KISCO홀딩스,1940,B이하,B이하,B이하,B+,2015,
37,656,KPX그린케미칼,83420,B이하,B+,B이하,B,2015,
38,655,KPX케미칼,25000,B이하,B이하,B이하,B,2015,
39,654,KPX홀딩스,92230,B이하,B이하,B이하,B,2015,
40,653,KR모터스,40,B이하,B이하,B이하,C,2015,
41,652,KSS해운,44450,B이하,B이하,B이하,B,2015,
42,651,KTB투자증권,30210,B이하,B이하,B이하,C,2015,
43,650,KTcs,58850,B이하,B이하,B이하,B+,2015,
44,649,LF,93050,B이하,B이하,B이하,B,2015,
45,648,LG,3550,B+,B이하,B+,A,2015,
46,647,LG디스플레이,34220,B+,A,B+,B+,2015,
47,646,LG상사,1120,B+,B+,B+,B+,2015,
48,645,LG생명과학,68870,B+,B+,B+,B+,2015,
49,644,LG생활건강,51900,A,A,A+,B+,2015,
50,643,LG유플러스,32640,B+,A,B+,B+,2015,
51,642,LG이노텍,11070,A,A,A,A,2015,
52,641,LG전자,66570,B+,A,A,C,2015,
53,640,LG하우시스,108670,B+,A,A,B,2015,
54,639,LG화학,51910,B+,B+,B+,B+,2015,
55,638,LS,6260,B이하,B이하,B이하,B,2015,
56,637,LS네트웍스,680,B이하,B이하,B이하,D,2015,
57,636,LS산전,10120,B+,B+,A,B+,2015,
58,635,MH에탄올,23150,B이하,B이하,B이하,B,2015,
59,634,NAVER,35420,B이하,B이하,B이하,B+,2015,
60,633,NHN엔터테인먼트,181710,B이하,B이하,B이하,B+,2015,
61,632,NH투자증권,5940,B+,B이하,B+,A,2015,
62,631,NICE,34310,B이하,B이하,B이하,B+,2015,
63,630,NI스틸,8260,B이하,B이하,B이하,C,2015,
64,629,OCI,10060,B+,B이하,A,B,2015,
65,628,S&TC,100840,B이하,B이하,B이하,B,2015,
66,627,S&T모티브,64960,B이하,B+,B이하,B,2015,
67,626,S&T중공업,3570,B이하,B+,B이하,B,2015,
68,625,S&T홀딩스,36530,B이하,B이하,B이하,B,2015,
69,624,S-Oil,10950,A,A,A+,A,2015,
70,623,SBS,34120,B이하,B이하,B이하,B+,2015,
71,622,SBS미디어홀딩스,101060,B이하,B이하,B이하,B,2015,
72,621,SG세계물산,4060,B이하,B이하,B이하,C,2015,
73,620,SG충방,1380,B이하,B이하,B이하,C,2015,
74,619,SH에너지화학,2360,B이하,B이하,B이하,B,2015,
75,618,SIMPAC,9160,B이하,B이하,B이하,B,2015,
76,617,SK,34730,A,A,A,A,2015,
77,616,SK(합병소멸),3600,B이하,B이하,B+,B+,2015,
78,615,SKC,11790,A,A,A,B+,2015,
79,614,SK가스,18670,B이하,B이하,B이하,B+,2015,
80,613,SK네트웍스,1740,B이하,B이하,B+,B+,2015,
81,612,SK디스커버리,6120,B+,B+,B+,B+,2015,
82,611,SK이노베이션,96770,A,A,A,B+,2015,
83,610,SK증권,1510,B이하,B이하,B+,B+,2015,
84,609,SK텔레콤,17670,A,A,A,A,2015,
85,608,SK하이닉스,660,B+,B+,B+,B+,2015,
86,607,SPC삼립,5610,B이하,B이하,B이하,C,2015,
87,606,TCC동양,2710,B이하,B+,B이하,C,2015,
88,605,WISCOM,24070,B이하,B이하,B이하,B,2015,
89,604,가온전선,500,B이하,B이하,B이하,B+,2015,
90,603,강남제비스코,860,B이하,B이하,B이하,C,2015,
91,602,강원랜드,35250,B+,B+,B+,A,2015,
92,601,갤럭시아에스엠,11420,B이하,B이하,B이하,C,2015,
93,600,경남에너지,8020,B이하,B이하,B이하,B,2015,
94,599,경농,2100,B이하,B이하,B이하,C,2015,
95,598,경동나비엔,9450,B이하,B이하,B이하,C,2015,
96,597,경동인베스트,12320,B이하,B이하,B이하,B,2015,
97,596,경방,50,B이하,B이하,B이하,B,2015,
98,595,경인양행,12610,B이하,B이하,B이하,B,2015,
99,594,경인전자,9140,B이하,B이하,B이하,B,2015,
100,593,계룡건설산업,13580,B이하,B이하,B이하,B,2015,
101,592,계양전기,12200,B이하,B이하,B이하,B,2015,
102,591,고려개발,4200,B이하,B이하,B+,C,2015,
103,590,고려산업,2140,B이하,B이하,B이하,B,2015,
104,589,고려아연,10130,B+,B+,B+,B,2015,
105,588,고려제강,2240,B이하,B+,B이하,B,2015,
106,587,골든브릿지증권,1290,B이하,B이하,B이하,B,2015,
107,586,광동제약,9290,B이하,B이하,B이하,B,2015,
108,585,광명전기,17040,B이하,B이하,B이하,B,2015,
109,584,광전자,17900,B이하,B이하,B이하,B,2015,
110,583,광주신세계,37710,B이하,B이하,B이하,B+,2015,
111,582,교보증권,30610,B+,B이하,B+,A,2015,
112,581,국도화학,7690,B이하,B+,B이하,C,2015,
113,580,국동,5320,B이하,B이하,B이하,B,2015,
114,579,국보,1140,B이하,B이하,B이하,C,2015,
115,578,국제약품,2720,B이하,B이하,B이하,B,2015,
116,577,극동유화,14530,B이하,B이하,B이하,B,2015,
117,576,금강공업,14280,B이하,B이하,B이하,C,2015,
118,575,금비,8870,B이하,B이하,B이하,C,2015,
119,574,금양,1570,B이하,B이하,B이하,C,2015,
120,573,금호산업,2990,B이하,B이하,B이하,B,2015,
121,572,금호석유화학,11780,B이하,B+,B이하,C,2015,
122,571,금호전기,1210,B이하,B이하,B이하,C,2015,
123,570,금호타이어,73240,B이하,B+,B+,C,2015,
124,569,기신정기,92440,B이하,B이하,B이하,B,2015,
125,568,기아자동차,270,B+,B+,A,B,2015,
126,567,기업은행,24110,B+,B이하,B+,A,2015,
127,566,까뮤이앤씨,13700,B이하,B이하,B이하,B,2015,
128,565,깨끗한나라,4540,B이하,B+,B이하,B,2015,
129,564,나노메딕스,74610,B이하,B이하,B이하,C,2015,
130,563,남선알미늄,8350,B이하,B이하,B+,C,2015,
131,562,남성,4270,B이하,B이하,B이하,C,2015,
132,561,남양유업,3920,B이하,B이하,B이하,C,2015,
133,560,남영비비안,2070,B이하,B이하,B이하,C,2015,
134,559,남해화학,25860,B이하,B+,B이하,C,2015,
135,558,넥센,5720,B이하,B이하,B이하,B,2015,
136,557,넥센타이어,2350,B이하,B+,B이하,C,2015,
137,556,노루페인트,90350,B이하,B이하,B이하,B,2015,
138,555,노루홀딩스,320,B이하,B이하,B이하,B,2015,
139,554,녹십자,6280,B이하,B이하,B+,B,2015,
140,553,녹십자홀딩스,5250,B이하,B이하,B+,C,2015,
141,552,농심,4370,B이하,B+,B이하,C,2015,
142,551,농심홀딩스,72710,B이하,B이하,B이하,B,2015,
143,550,다우기술,23590,B이하,B이하,B이하,B,2015,
144,549,다우인큐브,20120,B이하,B이하,B이하,B,2015,
145,548,대경기계기술,15590,B이하,B이하,B이하,B,2015,
146,547,대교,19680,B이하,B이하,B이하,A,2015,
147,546,대구백화점,6370,B이하,B이하,B이하,B,2015,
148,545,대덕GDS,4130,B이하,B+,B이하,C,2015,
149,544,대덕전자,8060,B이하,B이하,B이하,B,2015,
150,543,대동공업,490,B이하,B이하,B이하,C,2015,
151,542,대동전자,8110,B이하,B이하,B이하,C,2015,
152,541,대림비앤코,5750,B이하,B이하,B이하,C,2015,
153,540,대림산업,210,B+,A,B+,B,2015,
154,539,대림통상,6570,B이하,B이하,B이하,C,2015,
155,538,대상,1680,B이하,B이하,B이하,C,2015,
156,537,대상홀딩스,84690,B이하,B이하,B이하,C,2015,
157,536,대성산업,128820,B이하,B+,B이하,B,2015,
158,535,대성에너지,117580,B이하,B이하,B이하,C,2015,
159,534,대성합동지주,5620,B이하,B이하,B이하,B,2015,
160,533,대성홀딩스,16710,B이하,B이하,B이하,B,2015,
161,532,대신증권,3540,B+,B이하,B이하,A,2015,
162,531,대양금속,9190,B이하,B이하,B이하,C,2015,
163,530,대영포장,14160,B이하,B이하,B이하,C,2015,
164,529,대우건설,47040,B이하,A,B+,D,2015,
165,528,대우부품,9320,B이하,B이하,B이하,C,2015,
166,527,대우조선해양,42660,B+,A,B이하,B,2015,
167,526,대웅,3090,B이하,B이하,B이하,C,2015,
168,525,대웅제약,69620,B이하,B이하,B+,C,2015,
169,524,대원강업,430,B이하,B+,B이하,C,2015,
170,523,대원전선,6340,B이하,B이하,B이하,C,2015,
171,522,대원제약,3220,B이하,B이하,B이하,B+,2015,
172,521,대원화성,24890,B이하,B+,B이하,B,2015,
173,520,대유에이텍,2880,B이하,B이하,B이하,C,2015,
174,519,대유플러스,300,B이하,B+,B이하,C,2015,
175,518,대창,12800,B이하,B+,B이하,C,2015,
176,517,대창단조,15230,B이하,B+,B이하,B,2015,
177,516,대한방직,1070,B이하,B이하,B이하,B,2015,
178,515,대한유화,6650,B이하,B+,B이하,C,2015,
179,514,대한전선,1440,B이하,B+,B이하,D,2015,
180,513,대한제강,84010,B이하,B+,B이하,B,2015,
181,512,대한제당,1790,B이하,B이하,B이하,B+,2015,
182,511,대한제분,1130,B이하,B+,B이하,C,2015,
183,510,대한항공,3490,B이하,A,B+,D,2015,
184,509,대한해운,5880,B이하,B이하,B이하,C,2015,
185,508,대한화섬,3830,B이하,B+,B이하,B,2015,
186,507,대현,16090,B이하,B이하,B이하,B,2015,
187,506,대호에이엘,69460,B이하,B+,B이하,C,2015,
188,505,더존비즈온,12510,B이하,B이하,B이하,B,2015,
189,504,덕성,4830,B이하,B이하,B이하,C,2015,
190,503,덕양산업,24900,B이하,B이하,B이하,B,2015,
191,502,도레이케미칼,8000,B이하,B+,B+,C,2015,
192,501,도화엔지니어링,2150,B이하,B이하,B이하,B,2015,
193,500,동국실업,1620,B이하,B이하,B이하,C,2015,
194,499,동국제강,1230,B이하,B+,B이하,C,2015,
195,498,동남합성,23450,B이하,B이하,B이하,C,2015,
196,497,동방,4140,B이하,B이하,B이하,B,2015,
197,496,동방아그로,7590,B이하,B이하,B이하,B,2015,
198,495,동부제철,16380,B+,B+,B+,B,2015,
199,494,동성제약,2210,B이하,B이하,B이하,B,2015,
200,493,동성코퍼레이션,102260,B이하,B이하,B이하,C,2015,
201,492,동성화학,5190,B이하,B이하,B이하,B,2015,
202,491,동아쏘시오홀딩스,640,B이하,B이하,B이하,B,2015,
203,490,동아에스텍,58730,B이하,B이하,B이하,B,2015,
204,489,동아에스티,170900,B이하,B이하,B이하,B+,2015,
205,488,동아지질,28100,B이하,B이하,B이하,C,2015,
206,487,동양고속,84670,B이하,B이하,B이하,C,2015,
207,486,동양물산기업,2900,B이하,B이하,B이하,B,2015,
208,485,동양생명,82640,B+,B이하,B+,A,2015,
209,484,동양철관,8970,B이하,B이하,B이하,C,2015,
210,483,동원,3580,B이하,B이하,B이하,C,2015,
211,482,동원F&B,49770,B이하,B이하,B이하,C,2015,
212,481,동원금속,18500,B이하,B이하,B이하,B,2015,
213,480,동원산업,6040,B이하,B이하,B+,B,2015,
214,479,동원수산,30720,B이하,B이하,B이하,B,2015,
215,478,동원시스템즈,14820,B이하,B이하,B이하,C,2015,
216,477,동일고무벨트,163560,B이하,B이하,B이하,C,2015,
217,476,동일방직,1530,B이하,B이하,B이하,C,2015,
218,475,동일산업,4890,B이하,B+,B이하,B,2015,
219,474,동일제지,19300,B이하,B+,B이하,C,2015,
220,473,동화약품,20,B이하,B이하,B이하,C,2015,
221,472,두산,150,A,A,A,A,2015,
222,471,두산건설,11160,B+,B+,B+,A,2015,
223,470,두산엔진,82740,A,B+,A,A,2015,
224,469,두산인프라코어,42670,A,A,A,A,2015,
225,468,두산중공업,34020,A,A,A,B+,2015,
226,467,디씨엠,24090,B이하,B이하,B이하,C,2015,
227,466,디아이,3160,B이하,B이하,B이하,B,2015,
228,465,디아이씨,92200,B이하,B이하,B이하,B,2015,
229,464,디와이,13570,B이하,B이하,B이하,B,2015,
230,463,디티알오토모티브,7340,B이하,B이하,B이하,C,2015,
231,462,디피씨,26890,B이하,B이하,B이하,B+,2015,
232,461,락앤락,115390,B이하,B이하,B이하,B+,2015,
233,460,롯데관광개발,32350,B이하,B이하,B이하,C,2015,
234,459,롯데손해보험,400,B+,B이하,A,B+,2015,
235,458,롯데쇼핑,23530,B이하,A,B이하,C,2015,
236,457,롯데정밀화학,4000,B+,B+,B+,B,2015,
237,456,롯데지주,4990,B+,A,B+,C,2015,
238,455,롯데칠성음료,5300,B+,A,A,B,2015,
239,454,롯데케미칼,11170,A,A+,A+,B,2015,
240,453,롯데푸드,2270,B이하,B+,B이하,D,2015,
241,452,롯데하이마트,71840,B+,B이하,B+,B+,2015,
242,451,마니커,27740,B이하,B이하,B이하,C,2015,
243,450,만호제강,1080,B이하,B이하,B이하,B,2015,
244,449,메디플란트,15540,B이하,B이하,B이하,C,2015,
245,448,메리츠금융지주,138040,B이하,B이하,B이하,A,2015,
246,447,메리츠종금증권,8560,B이하,B이하,B이하,A+,2015,
247,446,메리츠화재,60,B+,B이하,B+,A,2015,
248,445,명문제약,17180,B이하,B이하,B이하,B,2015,
249,444,모나리자,12690,B이하,B이하,B이하,C,2015,
250,443,모나미,5360,B이하,B이하,B이하,C,2015,
251,442,모토닉,9680,B이하,B이하,B이하,B,2015,
252,441,무림P&P,9580,B이하,B+,B이하,C,2015,
253,440,무림페이퍼,9200,B이하,B+,B이하,B,2015,
254,439,무학,33920,B이하,B이하,B이하,C,2015,
255,438,문배철강,8420,B이하,B이하,B이하,B,2015,
256,437,미래산업,25560,B이하,B이하,B이하,B,2015,
257,436,미래아이앤지,7120,B이하,B이하,B이하,C,2015,
258,435,미래에셋대우,6800,B+,B이하,B이하,A+,2015,
259,434,미래에셋증권,37620,B이하,B이하,B+,B+,2015,
260,433,미원상사,2840,B이하,B이하,B이하,C,2015,
261,432,미원홀딩스,107590,B이하,B이하,B이하,B,2015,
262,431,미원화학,134380,B이하,B이하,B이하,C,2015,
263,430,미창석유공업,3650,B이하,B이하,B이하,B,2015,
264,429,방림,3610,B이하,B이하,B이하,C,2015,
265,428,백광산업,1340,B이하,B+,B이하,B,2015,
266,427,백광소재,14580,B이하,B이하,B이하,C,2015,
267,426,백산,35150,B이하,B이하,B이하,B,2015,
268,425,범양건영,2410,B이하,B이하,B이하,C,2015,
269,424,벽산,7210,B이하,B이하,B이하,D,2015,
270,423,보락,2760,B이하,B이하,B이하,B,2015,
271,422,보령제약,3850,B이하,B이하,B이하,C,2015,
272,421,보루네오가구,4740,B이하,B이하,B이하,C,2015,
273,420,보해양조,890,B이하,B이하,B이하,C,2015,
274,419,부광약품,3000,B이하,B이하,B이하,B,2015,
275,418,부국증권,1270,B이하,B이하,B이하,B,2015,
276,417,부국철강,26940,B이하,B이하,B이하,C,2015,
277,416,부산도시가스,15350,B이하,B이하,B+,B,2015,
278,415,부산산업,11390,B이하,B이하,B이하,B,2015,
279,414,부산주공,5030,B이하,B+,B이하,B+,2015,
280,413,비상교육,100220,B이하,B이하,B이하,C,2015,
281,412,빙그레,5180,B이하,B이하,B이하,B,2015,
282,411,사조대림,3960,B이하,B이하,B이하,C,2015,
283,410,사조동아원,8040,B이하,B이하,B이하,B,2015,
284,409,사조산업,7160,B이하,B이하,B이하,B,2015,
285,408,사조씨푸드,14710,B이하,B이하,B이하,B,2015,
286,407,사조오양,6090,B이하,B이하,B이하,C,2015,
287,406,사조해표,79660,B이하,B이하,B이하,C,2015,
288,405,삼광글라스,5090,B이하,B+,B이하,B,2015,
289,404,삼부토건,1470,B이하,B이하,B이하,C,2015,
290,403,삼성SDI,6400,A,A+,A,B+,2015,
291,402,삼성공조,6660,B이하,B이하,B이하,B+,2015,
292,401,삼성물산,28260,B이하,B+,B이하,D,2015,
293,400,삼성물산,830,B+,A,B+,B,2015,
294,399,삼성생명,32830,A,A+,A,A,2015,
295,398,삼성엔지니어링,28050,A,A,A,B+,2015,
296,397,삼성전기,9150,A,A,A,A,2015,
297,396,삼성전자,5930,A,A+,B+,B+,2015,
298,395,삼성제약,1360,B이하,B이하,B이하,D,2015,
299,394,삼성중공업,10140,B+,B+,B+,B+,2015,
300,393,삼성증권,16360,A,B이하,B+,A+,2015,
301,392,삼성출판사,68290,B이하,B이하,B이하,B,2015,
302,391,삼성카드,29780,B+,B이하,B이하,A,2015,
303,390,삼성화재해상보험,810,A,A,A,A+,2015,
304,389,삼아알미늄,6110,B이하,B이하,B이하,B,2015,
305,388,삼양사,145990,B이하,B+,B+,C,2015,
306,387,삼양식품,3230,B이하,B이하,B이하,C,2015,
307,386,삼양제넥스,3940,B+,B+,B이하,B+,2015,
308,385,삼양통상,2170,B이하,B이하,B이하,B,2015,
309,384,삼양홀딩스,70,B이하,B이하,B이하,C,2015,
310,383,삼영무역,2810,B이하,B이하,B이하,B,2015,
311,382,삼영전자공업,5680,B이하,B+,B이하,B,2015,
312,381,삼영화학공업,3720,B이하,B이하,B이하,B,2015,
313,380,삼원강재,23000,B이하,B+,B이하,C,2015,
314,379,삼익THK,4380,B이하,B이하,B이하,B,2015,
315,378,삼익악기,2450,B이하,B이하,B이하,C,2015,
316,377,삼일제약,520,B이하,B이하,B이하,B,2015,
317,376,삼정펄프,9770,B이하,B이하,B이하,B,2015,
318,375,삼진제약,5500,B이하,B이하,B이하,B,2015,
319,374,삼천리,4690,B이하,B+,B+,C,2015,
320,373,삼호,1880,B이하,B+,B이하,B,2015,
321,372,삼호개발,10960,B이하,B이하,B이하,C,2015,
322,371,삼화왕관,4450,B이하,B이하,B이하,C,2015,
323,370,삼화전기,9470,B이하,B이하,B이하,B,2015,
324,369,삼화전자공업,11230,B이하,B이하,B이하,C,2015,
325,368,삼화콘덴서공업,1820,B이하,B이하,B이하,B,2015,
326,367,삼화페인트공업,390,B이하,B+,B+,C,2015,
327,366,상신브레이크,41650,B이하,B이하,B이하,B,2015,
328,365,새론오토모티브,75180,B이하,B+,B이하,C,2015,
329,364,샘표,7540,B이하,B이하,B이하,B,2015,
330,363,서연,7860,B이하,B이하,B이하,C,2015,
331,362,서울도시가스,17390,B이하,B이하,B이하,B+,2015,
332,361,서울식품공업,4410,B이하,B이하,B이하,B,2015,
333,360,서원,21050,B이하,B이하,B이하,B,2015,
334,359,서흥,8490,B이하,B이하,B이하,B,2015,
335,358,선도전기,7610,B이하,B이하,B이하,B,2015,
336,357,선진,136490,B이하,B이하,B이하,B,2015,
337,356,선창산업,2820,B이하,B이하,B이하,C,2015,
338,355,성문전자,14910,B이하,B이하,B이하,B,2015,
339,354,성보화학,3080,B이하,B이하,B이하,C,2015,
340,353,성신양회,4980,B이하,B+,B이하,B,2015,
341,352,성안,11300,B이하,B이하,B이하,C,2015,
342,351,성지건설,5980,B이하,B이하,B이하,C,2015,
343,350,성창기업지주,180,B이하,B이하,B이하,D,2015,
344,349,세기상사,2420,B이하,B이하,B이하,B,2015,
345,348,세방,4360,B이하,B이하,B이하,B+,2015,
346,347,세방전지,4490,B이하,B+,B+,C,2015,
347,346,세아베스틸,1430,B이하,B+,B이하,C,2015,
348,345,세아제강,3030,B이하,B+,B이하,C,2015,
349,344,세아특수강,19440,B이하,B+,B이하,B,2015,
350,343,세아홀딩스,58650,B이하,B이하,B이하,C,2015,
351,342,세우글로벌,13000,B이하,B이하,B이하,C,2015,
352,341,세원셀론텍,91090,B이하,B이하,B이하,C,2015,
353,340,세원정공,21820,B이하,B이하,B이하,B,2015,
354,339,세이브존I&C,67830,B이하,B이하,B이하,B,2015,
355,338,세종공업,33530,B이하,B이하,B이하,B,2015,
356,337,세하,27970,B이하,B+,B이하,C,2015,
357,336,송원산업,4430,B이하,B+,B이하,C,2015,
358,335,수산중공업,17550,B이하,B이하,B이하,C,2015,
359,334,신대양제지,16590,B이하,B이하,B이하,B,2015,
360,333,신도리코,29530,B+,B+,B이하,B+,2015,
361,332,신라교역,4970,B이하,B이하,B이하,C,2015,
362,331,신성에프에이,104120,B이하,B이하,B이하,D,2015,
363,330,신성이엔지,11930,B이하,B이하,B이하,B,2015,
364,329,신성이엔지,104110,B이하,B이하,B이하,D,2015,
365,328,신성통상,5390,B이하,B이하,B이하,C,2015,
366,327,신세계,4170,B+,B+,A,C,2015,
367,326,신세계I&C,35510,B이하,B+,B이하,B,2015,
368,325,신세계건설,34300,B이하,B이하,B+,B,2015,
369,324,신세계인터내셔날,31430,B+,B+,B+,B+,2015,
370,323,신세계푸드,31440,B이하,B이하,B+,B,2015,
371,322,신송홀딩스,6880,B이하,B이하,B이하,B,2015,
372,321,신영와코루,5800,B이하,B이하,B이하,C,2015,
373,320,신영증권,1720,B이하,B이하,B이하,B+,2015,
374,319,신원,9270,B이하,B이하,B이하,C,2015,
375,318,신일산업,2700,B이하,B이하,B이하,D,2015,
376,317,신풍제약,19170,B이하,B이하,B이하,B,2015,
377,316,신풍제지,2870,B이하,B+,B이하,B,2015,
378,315,신한,5450,B이하,B이하,B이하,C,2015,
379,314,신한지주,55550,A+,A,A+,A+,2015,
380,313,신화실업,1770,B이하,B이하,B이하,C,2015,
381,312,신흥,4080,B이하,B이하,B이하,B+,2015,
382,311,쌍방울,102280,B이하,B이하,B이하,D,2015,
383,310,쌍용양회공업,3410,B이하,B+,B이하,B,2015,
384,309,쌍용자동차,3620,B+,B+,B이하,B+,2015,
385,308,써니전자,4770,B이하,B이하,B이하,C,2015,
386,307,씨아이테크,4920,B이하,B이하,B이하,D,2015,
387,306,아남전자,8700,B이하,B이하,B이하,C,2015,
388,305,아모레퍼시픽,90430,B+,B+,A,B,2015,
389,304,아모레퍼시픽그룹,2790,B이하,B이하,A,C,2015,
390,303,아비스타,90370,B이하,B이하,B이하,B,2015,
391,302,아세아,2030,B이하,B이하,B이하,C,2015,
392,301,아세아시멘트,183190,B이하,B+,B+,C,2015,
393,300,아세아제지,2310,B이하,B이하,B이하,C,2015,
394,299,아시아나항공,20560,B+,A,B+,C,2015,
395,298,아이마켓코리아,122900,B이하,B이하,B이하,B,2015,
396,297,아이에스동서,10780,B이하,B이하,B이하,C,2015,
397,296,아이에이치큐,3560,B이하,B이하,B이하,B,2015,
398,295,아주캐피탈,33660,B이하,B이하,B이하,B,2015,
399,294,아티스,101140,B이하,B이하,B이하,C,2015,
400,293,알루코,1780,B이하,B이하,B이하,D,2015,
401,292,알보젠코리아,2250,B이하,B이하,B이하,C,2015,
402,291,애경유화,161000,B이하,B+,B이하,C,2015,
403,290,에넥스,11090,B이하,B이하,B이하,B,2015,
404,289,에스엘,5850,B이하,B이하,B+,B,2015,
405,288,에스원,12750,B이하,B이하,B이하,C,2015,
406,287,에스제이엠,123700,B이하,B이하,B이하,B,2015,
407,286,에스제이엠홀딩스,25530,B이하,B이하,B이하,B,2015,
408,285,에쓰씨엔지니어링,23960,B이하,B이하,B이하,C,2015,
409,284,에이블씨엔씨,78520,B이하,B이하,B이하,B,2015,
410,283,에이엔피,15260,B이하,B이하,B이하,C,2015,
411,282,에이프로젠KIC,7460,B이하,B이하,B이하,B,2015,
412,281,에이프로젠제약,3060,B이하,B이하,B이하,C,2015,
413,280,엔씨소프트,36570,B이하,B이하,B이하,A,2015,
414,279,엔케이,85310,B이하,B이하,B이하,B,2015,
415,278,엔케이물산,9810,B이하,B이하,B이하,D,2015,
416,277,엔피씨,4250,B이하,B이하,B이하,C,2015,
417,276,영보화학,14440,B이하,B이하,B이하,C,2015,
418,275,영원무역,111770,B이하,B이하,B이하,B,2015,
419,274,영원무역홀딩스,9970,B이하,B이하,B이하,B,2015,
420,273,영진약품,3520,B이하,B이하,B이하,B,2015,
421,272,영풍,670,B이하,B+,B이하,C,2015,
422,271,영풍제지,6740,B이하,B이하,B이하,B,2015,
423,270,영화금속,12280,B이하,B이하,B이하,B,2015,
424,269,영흥철강,12160,B이하,B+,B이하,B,2015,
425,268,예스코,15360,B이하,B이하,B+,B+,2015,
426,267,오뚜기,7310,B이하,B이하,B이하,C,2015,
427,266,오리엔트바이오,2630,B이하,B이하,B이하,C,2015,
428,265,오리온홀딩스,1800,B이하,B이하,B이하,C,2015,
429,264,와이비로드,10600,B이하,B이하,B이하,C,2015,
430,263,우리들제약,4720,B이하,B이하,B이하,C,2015,
431,262,우리들휴브레인,118000,B이하,B이하,B이하,C,2015,
432,261,우리종금,10050,B이하,B이하,B이하,B,2015,
433,260,우성사료,6980,B이하,B이하,B이하,B,2015,
434,259,우신시스템,17370,B이하,B이하,B이하,C,2015,
435,258,우진,105840,B이하,B이하,B이하,B+,2015,
436,257,우진플라임,49800,B이하,B이하,B이하,C,2015,
437,256,웅진,16880,B이하,B이하,B이하,C,2015,
438,255,웅진씽크빅,95720,B이하,B이하,B이하,B,2015,
439,254,웅진에너지,103130,B이하,B+,B이하,C,2015,
440,253,원림,5820,B이하,B이하,B이하,C,2015,
441,252,윌비스,8600,B이하,B이하,B이하,B,2015,
442,251,유나이티드,33270,B이하,B이하,B이하,B+,2015,
443,250,유니드,14830,B이하,B+,B이하,C,2015,
444,249,유니온,910,B이하,B이하,B이하,B,2015,
445,248,유니온머티리얼,47400,B이하,B+,B이하,C,2015,
446,247,유니퀘스트,77500,B이하,B이하,B이하,B+,2015,
447,246,유성기업,2920,B이하,B이하,B이하,B,2015,
448,245,유수홀딩스,700,B이하,B이하,B이하,B,2015,
449,244,유안타증권,3470,B이하,B이하,B이하,B,2015,
450,243,유양디앤유,11690,B이하,B이하,B이하,B,2015,
451,242,유엔젤,72130,B이하,B이하,B이하,B,2015,
452,241,유유제약,220,B이하,B이하,B이하,C,2015,
453,240,유진증권,1200,B이하,B이하,B이하,B+,2015,
454,239,유한양행,100,B+,B+,B이하,B+,2015,
455,238,유화증권,3460,B이하,B이하,B이하,B+,2015,
456,237,율촌화학,8730,B이하,B이하,B이하,C,2015,
457,236,이건산업,8250,B이하,B이하,B이하,B,2015,
458,235,이구산업,25820,B이하,B+,B이하,B+,2015,
459,234,이마트,139480,B이하,A,B이하,C,2015,
460,233,이수페타시스,7660,B이하,B+,B이하,C,2015,
461,232,이수화학,5950,B이하,B이하,B+,C,2015,
462,231,이스타코,15020,B이하,B이하,B이하,C,2015,
463,230,이아이디,93230,B이하,B이하,B이하,C,2015,
464,229,이연제약,102460,B이하,B이하,B이하,B,2015,
465,228,이월드,84680,B이하,B이하,B이하,C,2015,
466,227,이화산업,760,B이하,B이하,B이하,C,2015,
467,226,인디에프,14990,B이하,B이하,B이하,C,2015,
468,225,인스코비,6490,B이하,B이하,B이하,C,2015,
469,224,인지컨트롤스,23800,B이하,B이하,B이하,C,2015,
470,223,인천도시가스,34590,B이하,B이하,B이하,B,2015,
471,222,인터지스,129260,B이하,B이하,B이하,B,2015,
472,221,인팩,23810,B이하,B이하,B이하,B,2015,
473,220,일동홀딩스,230,B이하,B이하,B이하,B+,2015,
474,219,일성건설,13360,B이하,B이하,B이하,C,2015,
475,218,일성신약,3120,B이하,B이하,B이하,B,2015,
476,217,일신방직,3200,B이하,B이하,B이하,B+,2015,
477,216,일신석재,7110,B이하,B이하,B이하,C,2015,
478,215,일양약품,7570,B이하,B이하,B이하,B,2015,
479,214,일정실업,8500,B이하,B이하,B이하,C,2015,
480,213,일진다이아,81000,B이하,B이하,B이하,C,2015,
481,212,일진디스플,20760,B이하,B이하,B이하,B,2015,
482,211,일진머티리얼즈,20150,B이하,B+,B이하,C,2015,
483,210,일진전기,103590,B이하,B이하,B이하,B,2015,
484,209,일진홀딩스,15860,B이하,B이하,B이하,C,2015,
485,208,자화전자,33240,B이하,B이하,B이하,B,2015,
486,207,전방,950,B이하,B이하,B이하,C,2015,
487,206,제일기획,30000,B이하,B+,B+,C,2015,
488,205,제일연마,1560,B이하,B이하,B이하,C,2015,
489,204,제일파마홀딩스,2620,B이하,B이하,B이하,B,2015,
490,203,제주은행,6220,B이하,B이하,B이하,A,2015,
491,202,조광페인트,4910,B이하,B이하,B이하,D,2015,
492,201,조광피혁,4700,B이하,B이하,B이하,B,2015,
493,200,조비,1550,B이하,B이하,B이하,C,2015,
494,199,조선내화,480,B이하,B이하,B이하,C,2015,
495,198,조선선재,120030,B이하,B이하,B이하,C,2015,
496,197,조일알미늄,18470,B이하,B+,B이하,B,2015,
497,196,조흥,2600,B이하,B이하,B이하,B,2015,
498,195,종근당,185750,B이하,B이하,B이하,B,2015,
499,194,종근당바이오,63160,B이하,B이하,B이하,B,2015,
500,193,종근당홀딩스,1630,B이하,B이하,B이하,C,2015,
501,192,주연테크,44380,B이하,B이하,B이하,C,2015,
502,191,지엠비코리아,13870,B이하,B이하,B이하,B+,2015,
503,190,지역난방공사,71320,B+,B+,B+,A,2015,
504,189,지코,10580,B이하,B이하,B이하,B,2015,
505,188,지투알,35000,B이하,B이하,B이하,B+,2015,
506,187,진도,88790,B이하,B이하,B이하,C,2015,
507,186,진양산업,3780,B이하,B이하,B이하,B,2015,
508,185,진양폴리우레탄,10640,B이하,B이하,B이하,B,2015,
509,184,진양홀딩스,100250,B이하,B이하,B이하,B,2015,
510,183,진양화학,51630,B이하,B이하,B이하,B,2015,
511,182,진원생명과학,11000,B이하,B이하,B이하,C,2015,
512,181,진흥기업,2780,B이하,B+,B이하,C,2015,
513,180,참엔지니어링,9310,B이하,B이하,B이하,C,2015,
514,179,천일고속,650,B이하,B이하,B이하,B,2015,
515,178,청호컴넷,12600,B이하,B이하,B이하,B,2015,
516,177,체시스,33250,B이하,B이하,B이하,B,2015,
517,176,카프로,6380,B이하,B+,B이하,C,2015,
518,175,케이씨,29460,B이하,B이하,B이하,B,2015,
519,174,케이씨씨,2380,B이하,B+,B이하,B,2015,
520,173,케이씨티시,9070,B이하,B이하,B이하,C,2015,
521,172,케이티,30200,A,A,B+,A+,2015,
522,171,케이티스,58860,B이하,B이하,B이하,B,2015,
523,170,케이티스카이라이프,53210,B이하,B이하,B이하,B,2015,
524,169,케이티앤지,33780,A,B+,B+,A+,2015,
525,168,코리아써키트,7810,B이하,B+,B이하,B,2015,
526,167,코리안리,3690,B이하,B이하,B이하,A,2015,
527,166,코스맥스비티아이,44820,B이하,B이하,B이하,B,2015,
528,165,코스모신소재,5070,B이하,B+,B+,C,2015,
529,164,코스모화학,5420,B이하,B+,B이하,C,2015,
530,163,코아스,71950,B이하,B이하,B이하,B,2015,
531,162,코오롱,2020,B이하,B이하,B이하,B,2015,
532,161,코오롱글로벌,3070,B이하,B이하,B이하,B,2015,
533,160,코오롱머티리얼,144620,B이하,B이하,B+,B,2015,
534,159,코오롱인더,120110,B+,B+,B+,B,2015,
535,158,코오롱플라스틱,138490,B+,B+,B+,B+,2015,
536,157,코웨이,21240,B+,A,A,B,2015,
537,156,콤텍시스템,31820,B이하,B이하,B이하,C,2015,
538,155,크라운해태홀딩스,5740,B이하,B이하,B이하,C,2015,
539,154,키움증권,39490,B이하,B이하,B이하,A,2015,
540,153,키위미디어그룹,12170,B이하,B이하,B이하,C,2015,
541,152,태경산업,15890,B이하,B이하,B이하,B,2015,
542,151,태경화학,6890,B이하,B이하,B이하,C,2015,
543,150,태광산업,3240,B이하,B이하,B이하,C,2015,
544,149,태림포장,11280,B이하,B이하,B이하,C,2015,
545,148,태양금속공업,4100,B이하,B+,B이하,C,2015,
546,147,태영건설,9410,B+,B+,B이하,B+,2015,
547,146,태원물산,1420,B이하,B이하,B이하,C,2015,
548,145,태평양물산,7980,B이하,B이하,B이하,B,2015,
549,144,텔코웨어,78000,B이하,B이하,B이하,B,2015,
550,143,티비에이치글로벌,84870,B이하,B이하,B이하,B,2015,
551,142,티에이치엔,19180,B이하,B이하,B이하,C,2015,
552,141,티웨이홀딩스,4870,B이하,B이하,B이하,D,2015,
553,140,팀스,134790,B이하,B이하,B이하,C,2015,
554,139,파미셀,5690,B이하,B이하,B이하,B,2015,
555,138,팜스코,36580,B이하,B이하,B이하,B,2015,
556,137,퍼스텍,10820,B이하,B이하,B이하,B,2015,
557,136,퍼시스,16800,B이하,B이하,B이하,B,2015,
558,135,페이퍼코리아,1020,B이하,B이하,B이하,C,2015,
559,134,평화산업,90080,B이하,B이하,B이하,B+,2015,
560,133,평화홀딩스,10770,B이하,B이하,B이하,B,2015,
561,132,포스코,5490,A,A,A,A,2015,
562,131,포스코강판,58430,B+,B+,B+,B,2015,
563,130,포스코대우,47050,B이하,B이하,B+,B+,2015,
564,129,포스코플랜텍,51310,B+,B+,A,C,2015,
565,128,폴루스바이오팜,7630,B이하,B이하,B이하,B,2015,
566,127,풀무원,17810,B+,B+,B+,B+,2015,
567,126,풍산,103140,B+,B+,B이하,B+,2015,
568,125,풍산홀딩스,5810,B이하,B이하,B이하,B,2015,
569,124,필룩스,33180,B이하,B이하,B이하,B,2015,
570,123,하나금융지주,86790,A,B이하,B+,A+,2015,
571,122,하나투어,39130,B이하,B이하,B이하,B,2015,
572,121,하이스틸,71090,B이하,B이하,B이하,B,2015,
573,120,하이트론씨스템즈,19490,B이하,B이하,B이하,B,2015,
574,119,하이트진로,80,B이하,B+,B이하,B,2015,
575,118,하이트진로홀딩스,140,B이하,B이하,B이하,B,2015,
576,117,한국가스공사,36460,B+,A,B+,B+,2015,
577,116,한국공항,5430,B이하,B이하,B이하,D,2015,
578,115,한국금융지주,71050,B이하,B이하,B이하,A,2015,
579,114,한국내화,10040,B이하,B이하,B이하,B,2015,
580,113,한국단자공업,25540,B이하,B이하,B이하,B,2015,
581,112,한국석유공업,4090,B이하,B이하,B이하,B,2015,
582,111,한국수출포장공업,2200,B이하,B+,B이하,B,2015,
583,110,한국쉘석유,2960,B+,B이하,B+,B+,2015,
584,109,한국유리공업,2000,B이하,B+,B이하,D,2015,
585,108,한국전력공사,15760,B+,B+,B+,B+,2015,
586,107,한국전자홀딩스,6200,B이하,B이하,B이하,B,2015,
587,106,한국제지,2300,B이하,B+,B이하,C,2015,
588,105,한국종합기술,23350,B이하,B이하,B이하,B,2015,
589,104,한국주강,25890,B이하,B이하,B이하,C,2015,
590,103,한국주철관공업,970,B이하,B이하,B이하,C,2015,
591,102,한국철강,104700,B이하,B+,B이하,B,2015,
592,101,한국카본,17960,B이하,B이하,B이하,C,2015,
593,100,한국콜마,161890,B이하,B이하,B이하,C,2015,
594,99,한국콜마홀딩스,24720,B이하,B이하,B이하,B,2015,
595,98,한국타이어,161390,A,A+,A,B+,2015,
596,97,한국타이어월드와이드,240,B+,B+,A,B,2015,
597,96,한국특수형강,7280,B이하,B이하,B이하,B,2015,
598,95,한국프랜지공업,10100,B이하,B이하,B이하,C,2015,
599,94,한국항공우주,47810,B이하,B+,B이하,B,2015,
600,93,한국화장품,123690,B이하,B이하,B이하,C,2015,
601,92,한국화장품제조,3350,B이하,B이하,B이하,B,2015,
602,91,한농화성,11500,B이하,B이하,B이하,B,2015,
603,90,한독,2390,B이하,B이하,B+,B,2015,
604,89,한라,14790,B이하,B이하,B이하,C,2015,
605,88,한라홀딩스,60980,B이하,B이하,B이하,C,2015,
606,87,한미글로벌,53690,B이하,B이하,B이하,B,2015,
607,86,한미반도체,42700,B이하,B이하,B이하,C,2015,
608,85,한미사이언스,8930,B이하,B이하,B이하,B,2015,
609,84,한미약품,128940,B이하,B+,B+,C,2015,
610,83,한샘,9240,B이하,B이하,B이하,B+,2015,
611,82,한섬,20000,B이하,B이하,B이하,B,2015,
612,81,한성기업,3680,B이하,B이하,B이하,C,2015,
613,80,한세실업,105630,B이하,B이하,B이하,B+,2015,
614,79,한세엠케이,69640,B이하,B이하,B이하,B,2015,
615,78,한세예스24홀딩스,16450,B이하,B이하,B이하,B,2015,
616,77,한솔로지스틱스,9180,B이하,B이하,B이하,C,2015,
617,76,한솔아트원제지,7190,B이하,B+,B이하,C,2015,
618,75,한솔케미칼,14680,B+,B+,B이하,B+,2015,
619,74,한솔테크닉스,4710,B이하,B이하,B이하,C,2015,
620,73,한솔피엔에스,10420,B이하,B이하,B이하,C,2015,
621,72,한솔홀딩스,4150,B이하,B이하,B이하,B,2015,
622,71,한솔홈데코,25750,B이하,B+,B+,C,2015,
623,70,한신공영,4960,B이하,B이하,B이하,B,2015,
624,69,한신기계공업,11700,B이하,B이하,B이하,C,2015,
625,68,한양증권,1750,B이하,B이하,B이하,B+,2015,
626,67,한온시스템,18880,B이하,B+,B이하,C,2015,
627,66,한올바이오파마,9420,B이하,B이하,B이하,B,2015,
628,65,한익스프레스,14130,B이하,B이하,B이하,B,2015,
629,64,한일시멘트,3300,B+,B+,B+,B,2015,
630,63,한일철강,2220,B이하,B이하,B이하,C,2015,
631,62,한전KPS,51600,B+,B+,B+,B,2015,
632,61,한전기술,52690,B이하,B+,B이하,B,2015,
633,60,한전산업,130660,B이하,B이하,B이하,B,2015,
634,59,한진,2320,B이하,B이하,B이하,C,2015,
635,58,한진중공업,97230,B이하,B이하,B이하,B,2015,
636,57,한진중공업홀딩스,3480,B이하,B이하,B이하,B,2015,
637,56,한진칼,180640,B이하,B이하,B이하,C,2015,
638,55,한진해운,117930,B+,B이하,B+,B+,2015,
639,54,한창,5110,B이하,B이하,B이하,D,2015,
640,53,한창제지,9460,B이하,B이하,B이하,C,2015,
641,52,한화,880,B+,A,B+,B+,2015,
642,51,한화갤러리아타임월드,27390,B이하,B이하,B이하,B,2015,
643,50,한화생명,88350,B+,B이하,A,A,2015,
644,49,한화손해보험,370,B이하,B이하,B+,B,2015,
645,48,한화케미칼,9830,B이하,B이하,B+,C,2015,
646,47,한화테크윈,12450,B+,A,B+,B+,2015,
647,46,한화투자증권,3530,B이하,B이하,B이하,B,2015,
648,45,한화화인케미칼,25850,B이하,B+,B이하,B,2015,
649,44,현대EP,89470,B이하,B이하,B이하,B,2015,
650,43,현대건설,720,B+,A,B+,B,2015,
651,42,현대그린푸드,5440,B이하,B이하,B이하,B+,2015,
652,41,현대글로비스,86280,B이하,B+,B이하,B,2015,
653,40,현대로템,64350,B+,B+,B이하,B+,2015,
654,39,현대리바트,79430,B이하,B이하,B이하,B+,2015,
655,38,현대모비스,12330,B이하,B+,B+,C,2015,
656,37,현대미포조선,10620,B+,A,B+,B+,2015,
657,36,현대백화점,69960,B+,B이하,B+,B+,2015,
658,35,현대비앤지스틸,4560,B이하,B+,B이하,B,2015,
659,34,현대산업개발,12630,B이하,B이하,B이하,B,2015,
660,33,현대상선,11200,B이하,B+,B+,D,2015,
661,32,현대약품,4310,B이하,B이하,B이하,B+,2015,
662,31,현대에이치씨엔,126560,B이하,B이하,B이하,B+,2015,
663,30,현대엘리베이터,17800,B이하,B이하,B+,D,2015,
664,29,현대위아,11210,B+,B+,B+,B+,2015,
665,28,현대자동차,5380,B이하,B+,B+,C,2015,
666,27,현대제철,4020,B+,B+,B+,B,2015,
667,26,현대종합상사,11760,B이하,B이하,B이하,C,2015,
668,25,현대중공업,9540,B+,A,B이하,B+,2015,
669,24,현대차투자증권,1500,B이하,B이하,B이하,A,2015,
670,23,현대해상,1450,B+,B이하,A,A,2015,
671,22,현대홈쇼핑,57050,B+,B이하,B이하,A,2015,
672,21,형지엘리트,93240,B이하,B이하,B이하,C,2015,
673,20,혜인,3010,B이하,B이하,B이하,C,2015,
674,19,호텔신라,8770,B이하,B+,B이하,B,2015,
675,18,화성산업,2460,B이하,B이하,B+,B+,2015,
676,17,화승알앤에이,13520,B이하,B+,B이하,C,2015,
677,16,화승인더스트리,6060,B이하,B+,B이하,C,2015,
678,15,화신,10690,B이하,B이하,B이하,C,2015,
679,14,화천기계,10660,B이하,B이하,B이하,C,2015,
680,13,화천기공,850,B이하,B이하,B이하,B,2015,
681,12,환인제약,16580,B이하,B이하,B이하,B,2015,
682,11,황금에스티,32560,B이하,B이하,B이하,B,2015,
683,10,효성,4800,B이하,B+,B+,C,2015,
684,9,효성 ITX,94280,B이하,B이하,B이하,B+,2015,
685,8,후성,93370,B이하,B+,B이하,C,2015,
686,7,휠라코리아,81660,B이하,B이하,B이하,B,2015,
687,6,휴니드테크놀러지스,5870,B이하,B이하,B이하,B,2015,
688,5,휴비스,79980,B이하,B이하,B이하,C,2015,
689,4,휴스틸,5010,B이하,B+,B이하,B,2015,
690,3,휴켐스,69260,B이하,B+,B이하,B,2015,
691,2,흥국화재,540,B이하,B이하,B이하,B+,2015,
692,1,흥아해운,3280,B이하,B이하,B이하,B,2015,
0,710,AJ네트웍스,95570,B이하,B이하,B이하,C,2016,
1,709,AJ렌터카,68400,B이하,B이하,B이하,C,2016,
2,708,AK홀딩스,6840,B이하,B이하,B이하,B,2016,
3,707,BGF,27410,B이하,B이하,B+,B,2016,
4,706,BNK금융지주,138930,A,B이하,B+,A+,2016,
5,705,BYC,1460,B이하,B이하,B이하,C,2016,
6,704,CJ,1040,B+,B+,A,B+,2016,
7,703,CJ CGV,79160,B이하,B이하,B+,C,2016,
8,702,CJ대한통운,120,A,A,A,B+,2016,
9,701,CJ씨푸드,11150,B이하,B이하,B이하,B,2016,
10,700,CJ제일제당,97950,B+,A,B+,B,2016,
11,699,CJ헬로,37560,B이하,B이하,B이하,C,2016,
12,698,CS홀딩스,590,B이하,B이하,B이하,C,2016,
13,697,DB,12030,B이하,B이하,B이하,C,2016,
14,696,DB금융투자,16610,B이하,B이하,B이하,B+,2016,
15,695,DB손해보험,5830,A,B+,A,A+,2016,
16,694,DB하이텍,990,B+,B+,B+,B,2016,
17,693,DGB금융지주,139130,A+,A,A+,A+,2016,
18,692,DRB동일,4840,B이하,B이하,B이하,B,2016,
19,691,DSR,155660,B이하,B이하,B이하,C,2016,
20,690,DSR제강,69730,B이하,B이하,B이하,C,2016,
21,689,E1,17940,B+,B이하,B+,B+,2016,
22,688,F&F,7700,B이하,B이하,B이하,B,2016,
23,687,GKL,114090,B이하,B이하,B+,B,2016,
24,686,GS,78930,B이하,B이하,B이하,B,2016,
25,685,GS건설,6360,B+,A,B+,B+,2016,
26,684,GS글로벌,1250,B이하,B이하,B이하,B,2016,
27,683,GS리테일,7070,B이하,B이하,B이하,B,2016,
28,682,JB금융지주,175330,B이하,B이하,B이하,A+,2016,
29,681,JW중외제약,1060,B이하,B이하,B이하,B,2016,
30,680,JW홀딩스,96760,B이하,B이하,B+,C,2016,
31,679,KB금융,105560,A+,A,A+,A+,2016,
32,678,KB캐피탈,21960,B+,B이하,B이하,A+,2016,
33,677,KC그린홀딩스,9440,B이하,B이하,A,B,2016,
34,676,KC코트렐,119650,B이하,B이하,B이하,B,2016,
35,675,KEC,92220,B이하,B+,B이하,C,2016,
36,674,KGP,109070,B이하,B이하,B이하,B,2016,
37,673,KG케미칼,1390,B이하,B이하,B이하,C,2016,
38,672,KISCO홀딩스,1940,B이하,B이하,B이하,B,2016,
39,671,KPX그린케미칼,83420,B이하,B+,B이하,B,2016,
40,670,KPX케미칼,25000,B이하,B이하,B이하,B,2016,
41,669,KPX홀딩스,92230,B이하,B이하,B이하,B,2016,
42,668,KR모터스,40,B이하,B이하,B이하,B,2016,
43,667,KSS해운,44450,B+,B이하,A,B,2016,
44,666,KTB투자증권,30210,B이하,B이하,B이하,B+,2016,
45,665,KTcs,58850,B이하,B이하,B+,B+,2016,
46,664,LF,93050,B이하,B이하,B이하,B,2016,
47,663,LG,3550,B+,B이하,B+,A,2016,
48,662,LG디스플레이,34220,B+,B+,A,B+,2016,
49,661,LG상사,1120,B+,B+,A,B+,2016,
50,660,LG생명과학,68870,B+,B+,A,B+,2016,
51,659,LG생활건강,51900,A,A,A+,B+,2016,
52,658,LG유플러스,32640,B+,A,B+,B+,2016,
53,657,LG이노텍,11070,A,A,A+,A,2016,
54,656,LG전자,66570,A,A,A+,B,2016,
55,655,LG하우시스,108670,A,A,A+,B+,2016,
56,654,LG화학,51910,B+,B+,B+,B,2016,
57,653,LS,6260,B이하,B이하,B이하,B,2016,
58,652,LS네트웍스,680,B이하,B이하,B이하,C,2016,
59,651,LS산전,10120,A,A,A+,B+,2016,
60,650,MH에탄올,23150,B이하,B이하,B이하,B,2016,
61,649,NAVER,35420,B+,B+,B+,B,2016,
62,648,NHN엔터테인먼트,181710,B이하,B이하,B이하,C,2016,
63,647,NH투자증권,5940,B+,B이하,B+,A+,2016,
64,646,NICE,34310,B이하,B이하,B이하,B,2016,
65,645,NI스틸,8260,B이하,B이하,B이하,B,2016,
66,644,OCI,10060,B+,B+,A,B+,2016,
67,643,S&TC,100840,B이하,B이하,B이하,B,2016,
68,642,S&T모티브,64960,B이하,B+,B이하,B,2016,
69,641,S&T중공업,3570,B이하,B이하,B+,B,2016,
70,640,S&T홀딩스,36530,B이하,B이하,B이하,B,2016,
71,639,S-Oil,10950,A+,A,A+,A+,2016,
72,638,SBS,34120,B이하,B이하,B이하,B,2016,
73,637,SBS미디어홀딩스,101060,B이하,B이하,B이하,B,2016,
74,636,SG세계물산,4060,B이하,B이하,B이하,C,2016,
75,635,SG충방,1380,B이하,B이하,B이하,C,2016,
76,634,SH에너지화학,2360,B이하,B이하,B이하,B,2016,
77,633,SIMPAC,9160,B이하,B이하,B이하,C,2016,
78,632,SK,34730,A,A,A+,A,2016,
79,631,SKC,11790,B+,A,B+,B+,2016,
80,630,SK가스,18670,B이하,B이하,B+,B+,2016,
81,629,SK네트웍스,1740,B+,B이하,B+,A,2016,
82,628,SK디스커버리,6120,B+,B+,B+,B+,2016,
83,627,SK이노베이션,96770,A,A,B+,A+,2016,
84,626,SK증권,1510,B+,B이하,B+,A,2016,
85,625,SK텔레콤,17670,A,A,B+,A,2016,
86,624,SK하이닉스,660,B+,B+,B+,A,2016,
87,623,SPC삼립,5610,B이하,B이하,B이하,B,2016,
88,622,STX,11810,B이하,B이하,B+,C,2016,
89,621,STX엔진,77970,B+,B+,B+,B,2016,
90,620,STX중공업,71970,B이하,B+,B+,D,2016,
91,619,TCC동양,2710,B이하,B+,B이하,C,2016,
92,618,WISCOM,24070,B이하,B이하,B이하,B+,2016,
93,617,YG PLUS,37270,B이하,B이하,B이하,C,2016,
94,616,가온전선,500,B이하,B+,B이하,B,2016,
95,615,강남제비스코,860,B이하,B이하,B이하,B,2016,
96,614,강원랜드,35250,A,A,A,B+,2016,
97,613,갤럭시아에스엠,11420,B이하,B이하,B이하,C,2016,
98,612,경농,2100,B이하,B이하,B+,B,2016,
99,611,경동나비엔,9450,B이하,B이하,B이하,C,2016,
100,610,경동인베스트,12320,B이하,B이하,B+,C,2016,
101,609,경방,50,B이하,B이하,B이하,C,2016,
102,608,경인양행,12610,B이하,B이하,B이하,B,2016,
103,607,경인전자,9140,B이하,B이하,B이하,B,2016,
104,606,계룡건설산업,13580,B+,B이하,B+,B+,2016,
105,605,계양전기,12200,B이하,B이하,B이하,B,2016,
106,604,고려개발,4200,B이하,B이하,B+,C,2016,
107,603,고려산업,2140,B이하,B이하,B이하,B,2016,
108,602,고려아연,10130,B이하,B이하,B이하,B+,2016,
109,601,고려제강,2240,B이하,B+,B이하,D,2016,
110,600,골든브릿지증권,1290,B이하,B이하,B이하,B,2016,
111,599,광동제약,9290,B이하,B이하,B이하,B,2016,
112,598,광명전기,17040,B이하,B이하,B이하,C,2016,
113,597,광전자,17900,B이하,B이하,B이하,B+,2016,
114,596,광주신세계,37710,B이하,B이하,B이하,B,2016,
115,595,광주은행,192530,B+,B이하,B이하,A+,2016,
116,594,교보증권,30610,B+,B이하,B+,A+,2016,
117,593,국도화학,7690,B이하,B+,B이하,C,2016,
118,592,국동,5320,B이하,B이하,B이하,B,2016,
119,591,국보,1140,B이하,B이하,B이하,C,2016,
120,590,국제약품,2720,B이하,B이하,B이하,B+,2016,
121,589,극동유화,14530,B이하,B이하,B이하,B,2016,
122,588,금강공업,14280,B이하,B이하,B이하,C,2016,
123,587,금비,8870,B이하,B이하,B이하,C,2016,
124,586,금양,1570,B이하,B이하,B이하,B,2016,
125,585,금호산업,2990,B이하,B+,B이하,B,2016,
126,584,금호석유화학,11780,B+,B+,B+,B,2016,
127,583,금호전기,1210,B이하,B이하,B이하,B,2016,
128,582,금호타이어,73240,B+,B+,A+,C,2016,
129,581,기신정기,92440,B이하,B이하,B이하,B,2016,
130,580,기아자동차,270,B+,A,A,C,2016,
131,579,기업은행,24110,B+,B이하,B+,B+,2016,
132,578,까뮤이앤씨,13700,B이하,B이하,B이하,B+,2016,
133,577,깨끗한나라,4540,B이하,B+,B이하,B,2016,
134,576,나노메딕스,74610,B이하,B이하,B이하,D,2016,
135,575,남광토건,1260,B이하,B이하,B이하,C,2016,
136,574,남선알미늄,8350,B이하,B이하,B이하,B,2016,
137,573,남성,4270,B이하,B이하,B이하,C,2016,
138,572,남양유업,3920,B이하,B이하,B+,D,2016,
139,571,남영비비안,2070,B이하,B이하,B이하,B,2016,
140,570,남해화학,25860,B이하,B+,B이하,B,2016,
141,569,넥센,5720,B이하,B+,B이하,B,2016,
142,568,넥센타이어,2350,B+,B+,B+,B+,2016,
143,567,노루페인트,90350,B이하,B이하,B이하,B,2016,
144,566,노루홀딩스,320,B이하,B이하,B이하,D,2016,
145,565,녹십자,6280,B이하,B이하,B+,C,2016,
146,564,녹십자홀딩스,5250,B이하,B이하,B+,B,2016,
147,563,농심,4370,B이하,B+,B이하,D,2016,
148,562,농심홀딩스,72710,B이하,B이하,B이하,C,2016,
149,561,다우기술,23590,B이하,B이하,B이하,B,2016,
150,560,다우인큐브,20120,B이하,B이하,B이하,C,2016,
151,559,대경기계기술,15590,B이하,B이하,B이하,B,2016,
152,558,대교,19680,B+,B이하,B+,A,2016,
153,557,대구백화점,6370,B이하,B이하,B+,B+,2016,
154,556,대덕GDS,4130,B+,B+,B이하,B+,2016,
155,555,대덕전자,8060,B이하,B+,B이하,B,2016,
156,554,대동공업,490,B이하,B이하,B이하,C,2016,
157,553,대동전자,8110,B이하,B이하,B이하,B,2016,
158,552,대림비앤코,5750,B이하,B이하,B이하,B,2016,
159,551,대림산업,210,B+,A,B이하,B,2016,
160,550,대림통상,6570,B이하,B이하,B이하,C,2016,
161,549,대상,1680,B이하,B이하,B+,C,2016,
162,548,대상홀딩스,84690,B이하,B이하,B이하,B,2016,
163,547,대성산업,128820,B이하,B이하,B이하,C,2016,
164,546,대성에너지,117580,B이하,B이하,B이하,C,2016,
165,545,대성합동지주,5620,B이하,B이하,B이하,B,2016,
166,544,대성홀딩스,16710,B이하,B이하,B이하,B,2016,
167,543,대신증권,3540,B이하,B이하,B이하,A,2016,
168,542,대양금속,9190,B이하,B+,B이하,B,2016,
169,541,대영포장,14160,B이하,B이하,B이하,C,2016,
170,540,대우건설,47040,B+,A,A,B,2016,
171,539,대우부품,9320,B이하,B이하,B이하,B,2016,
172,538,대우조선해양,42660,B+,A,B+,C,2016,
173,537,대웅,3090,B이하,B이하,B이하,C,2016,
174,536,대웅제약,69620,B이하,B이하,B+,C,2016,
175,535,대원강업,430,B이하,B이하,B이하,B,2016,
176,534,대원전선,6340,B이하,B이하,B이하,B,2016,
177,533,대원제약,3220,B이하,B이하,B+,B+,2016,
178,532,대원화성,24890,B이하,B+,B이하,B,2016,
179,531,대유에이텍,2880,B이하,B이하,B이하,C,2016,
180,530,대유플러스,300,B이하,B이하,B이하,D,2016,
181,529,대창,12800,B이하,B+,B이하,C,2016,
182,528,대창단조,15230,B이하,B+,B이하,B,2016,
183,527,대한방직,1070,B이하,B이하,B이하,B,2016,
184,526,대한유화,6650,B이하,B이하,B+,C,2016,
185,525,대한전선,1440,B이하,B+,B이하,B,2016,
186,524,대한제강,84010,B이하,B+,B이하,C,2016,
187,523,대한제당,1790,B이하,B이하,B이하,B,2016,
188,522,대한제분,1130,B이하,B이하,B이하,B,2016,
189,521,대한항공,3490,B+,A,B+,C,2016,
190,520,대한해운,5880,B이하,B이하,B이하,B,2016,
191,519,대한화섬,3830,B이하,B이하,B이하,B,2016,
192,518,대현,16090,B이하,B이하,B이하,B,2016,
193,517,대호에이엘,69460,B이하,B+,B이하,B,2016,
194,516,더존비즈온,12510,B이하,B이하,B이하,B,2016,
195,515,덕성,4830,B이하,B이하,B이하,C,2016,
196,514,덕양산업,24900,B이하,B이하,B이하,B,2016,
197,513,도레이케미칼,8000,B이하,B+,B+,C,2016,
198,512,도화엔지니어링,2150,B이하,B이하,B이하,B+,2016,
199,511,동국실업,1620,B이하,B이하,B이하,C,2016,
200,510,동국제강,1230,B이하,B+,B+,C,2016,
201,509,동남합성,23450,B이하,B이하,B이하,C,2016,
202,508,동방,4140,B이하,B이하,B이하,B,2016,
203,507,동방아그로,7590,B이하,B이하,B이하,B,2016,
204,506,동부제철,16380,B+,A,B이하,B,2016,
205,505,동성제약,2210,B이하,B이하,B이하,C,2016,
206,504,동성코퍼레이션,102260,B이하,B이하,B이하,B,2016,
207,503,동성화학,5190,B이하,B이하,B+,B,2016,
208,502,동아쏘시오홀딩스,640,B이하,B이하,B이하,B,2016,
209,501,동아에스텍,58730,B이하,B이하,B이하,B,2016,
210,500,동아에스티,170900,B이하,B이하,B+,B+,2016,
211,499,동아지질,28100,B이하,B이하,B이하,B,2016,
212,498,동양고속,84670,B이하,B이하,B이하,B,2016,
213,497,동양네트웍스,30790,B이하,B이하,B이하,C,2016,
214,496,동양물산기업,2900,B이하,B이하,B이하,B,2016,
215,495,동양생명,82640,B+,B이하,B이하,A+,2016,
216,494,동양철관,8970,B이하,B이하,B이하,C,2016,
217,493,동원,3580,B이하,B이하,B이하,C,2016,
218,492,동원F&B,49770,B이하,B이하,B+,C,2016,
219,491,동원금속,18500,B이하,B이하,B이하,B,2016,
220,490,동원산업,6040,B이하,B이하,B이하,B,2016,
221,489,동원수산,30720,B이하,B이하,B이하,B,2016,
222,488,동원시스템즈,14820,B이하,B이하,B이하,C,2016,
223,487,동일고무벨트,163560,B이하,B이하,B이하,C,2016,
224,486,동일방직,1530,B이하,B이하,B이하,B,2016,
225,485,동일산업,4890,B이하,B+,B이하,B,2016,
226,484,동일제지,19300,B이하,B+,B이하,C,2016,
227,483,동화약품,20,B이하,B이하,B+,B,2016,
228,482,두산,150,A,A,A,A,2016,
229,481,두산건설,11160,A,A,B+,A,2016,
230,480,두산엔진,82740,A,A,A+,B+,2016,
231,479,두산인프라코어,42670,A,A,A+,A,2016,
232,478,두산중공업,34020,A,A,B+,A,2016,
233,477,디씨엠,24090,B이하,B이하,B이하,B,2016,
234,476,디아이,3160,B이하,B이하,B이하,B,2016,
235,475,디아이씨,92200,B이하,B이하,B이하,B,2016,
236,474,디와이,13570,B이하,B이하,B이하,B,2016,
237,473,디와이파워,210540,B이하,B이하,B이하,C,2016,
238,472,디티알오토모티브,7340,B이하,B이하,B이하,B,2016,
239,471,디피씨,26890,B이하,B이하,B이하,B+,2016,
240,470,락앤락,115390,B이하,B이하,B이하,B+,2016,
241,469,롯데관광개발,32350,B이하,B이하,B이하,C,2016,
242,468,롯데손해보험,400,A,B이하,A,A+,2016,
243,467,롯데쇼핑,23530,B+,A,A,C,2016,
244,466,롯데정밀화학,4000,B+,A,A,B,2016,
245,465,롯데지주,4990,B+,A,A+,C,2016,
246,464,롯데칠성음료,5300,B+,A,A,C,2016,
247,463,롯데케미칼,11170,A,A,A+,B,2016,
248,462,롯데푸드,2270,B+,A,A,C,2016,
249,461,롯데하이마트,71840,B+,B이하,A,B+,2016,
250,460,마니커,27740,B이하,B이하,B이하,D,2016,
251,459,만도,204320,B이하,B+,B이하,B,2016,
252,458,만호제강,1080,B이하,B이하,B이하,B,2016,
253,457,메디플란트,15540,B이하,B이하,B이하,D,2016,
254,456,메리츠금융지주,138040,B이하,B이하,B이하,A,2016,
255,455,메리츠종금증권,8560,B+,B이하,B이하,A+,2016,
256,454,메리츠화재,60,B+,B이하,B+,A+,2016,
257,453,명문제약,17180,B이하,B이하,B이하,B,2016,
258,452,모나리자,12690,B이하,B이하,B이하,C,2016,
259,451,모나미,5360,B이하,B이하,B이하,B,2016,
260,450,모토닉,9680,B이하,B이하,B이하,B,2016,
261,449,무림P&P,9580,B이하,B+,B이하,B,2016,
262,448,무림페이퍼,9200,B이하,B+,B이하,B,2016,
263,447,무학,33920,B이하,B이하,B이하,B,2016,
264,446,문배철강,8420,B이하,B이하,B이하,B,2016,
265,445,미래산업,25560,B이하,B이하,B이하,B+,2016,
266,444,미래아이앤지,7120,B이하,B이하,B이하,C,2016,
267,443,미래에셋대우,6800,B+,B이하,B+,A+,2016,
268,442,미래에셋생명,85620,B+,B이하,B+,A,2016,
269,441,미래에셋증권,37620,B+,B이하,B+,A,2016,
270,440,미원상사,2840,B이하,B이하,B이하,C,2016,
271,439,미원홀딩스,107590,B이하,B이하,B이하,B,2016,
272,438,미원화학,134380,B이하,B이하,B이하,C,2016,
273,437,미창석유공업,3650,B이하,B이하,B이하,B,2016,
274,436,방림,3610,B이하,B+,B이하,B,2016,
275,435,백광산업,1340,B이하,B+,B이하,B,2016,
276,434,백광소재,14580,B이하,B+,B이하,C,2016,
277,433,백산,35150,B이하,B이하,B이하,B,2016,
278,432,범양건영,2410,B이하,B이하,B이하,C,2016,
279,431,벽산,7210,B이하,B+,B이하,C,2016,
280,430,보락,2760,B이하,B이하,B이하,C,2016,
281,429,보령제약,3850,B이하,B이하,B이하,C,2016,
282,428,보루네오가구,4740,B이하,B이하,B이하,C,2016,
283,427,보해양조,890,B이하,B이하,B이하,B,2016,
284,426,부광약품,3000,B이하,B이하,B이하,B+,2016,
285,425,부국증권,1270,B이하,B이하,B이하,B+,2016,
286,424,부국철강,26940,B이하,B이하,B이하,B,2016,
287,423,부산도시가스,15350,B이하,B이하,B+,B+,2016,
288,422,부산산업,11390,B이하,B이하,B이하,B,2016,
289,421,부산주공,5030,B이하,B+,B이하,B,2016,
290,420,비상교육,100220,B이하,B이하,B이하,C,2016,
291,419,빙그레,5180,B이하,B이하,B+,B,2016,
292,418,사조대림,3960,B이하,B이하,B이하,C,2016,
293,417,사조동아원,8040,B이하,B이하,B이하,C,2016,
294,416,사조산업,7160,B이하,B이하,B이하,C,2016,
295,415,사조씨푸드,14710,B이하,B이하,B이하,B,2016,
296,414,사조오양,6090,B이하,B이하,B이하,C,2016,
297,413,사조해표,79660,B이하,B이하,B이하,C,2016,
298,412,삼광글라스,5090,B이하,B+,B이하,C,2016,
299,411,삼성SDI,6400,A,A,A,B+,2016,
300,410,삼성공조,6660,B이하,B이하,B이하,B,2016,
301,409,삼성물산,28260,A+,A,A+,A+,2016,
302,408,삼성생명,32830,A,A,B+,A+,2016,
303,407,삼성에스디에스,18260,B+,B이하,B+,B+,2016,
304,406,삼성엔지니어링,28050,B+,A,B+,B+,2016,
305,405,삼성전기,9150,A+,A+,A+,A+,2016,
306,404,삼성전자,5930,A,A,A+,B+,2016,
307,403,삼성제약,1360,B이하,B이하,B이하,C,2016,
308,402,삼성중공업,10140,B+,A,A,B,2016,
309,401,삼성증권,16360,A,B이하,B+,A+,2016,
310,400,삼성출판사,68290,B이하,B이하,B이하,B,2016,
311,399,삼성카드,29780,B+,B이하,B+,A+,2016,
312,398,삼성화재해상보험,810,A+,A,A+,A+,2016,
313,397,삼아알미늄,6110,B이하,B이하,B이하,B,2016,
314,396,삼양사,145990,B이하,B이하,B+,C,2016,
315,395,삼양식품,3230,B이하,B+,B이하,D,2016,
316,394,삼양통상,2170,B이하,B이하,B이하,B,2016,
317,393,삼양홀딩스,70,B이하,B이하,B이하,C,2016,
318,392,삼영무역,2810,B이하,B이하,B이하,B,2016,
319,391,삼영전자공업,5680,B+,B+,B이하,B+,2016,
320,390,삼영화학공업,3720,B이하,B+,B이하,C,2016,
321,389,삼원강재,23000,B이하,B+,B이하,C,2016,
322,388,삼익THK,4380,B이하,B이하,B이하,C,2016,
323,387,삼익악기,2450,B이하,B이하,B이하,D,2016,
324,386,삼일제약,520,B이하,B이하,B이하,C,2016,
325,385,삼정펄프,9770,B이하,B이하,B이하,B,2016,
326,384,삼진제약,5500,B이하,B이하,B이하,B,2016,
327,383,삼천리,4690,B+,B+,B+,B+,2016,
328,382,삼호,1880,B이하,B이하,B이하,B,2016,
329,381,삼호개발,10960,B이하,B이하,B이하,B,2016,
330,380,삼화왕관,4450,B이하,B이하,B이하,C,2016,
331,379,삼화전기,9470,B이하,B이하,B이하,B,2016,
332,378,삼화전자공업,11230,B이하,B이하,B이하,C,2016,
333,377,삼화콘덴서공업,1820,B이하,B이하,B이하,B,2016,
334,376,삼화페인트공업,390,B+,B+,B이하,B+,2016,
335,375,상신브레이크,41650,B이하,B이하,B이하,B,2016,
336,374,새론오토모티브,75180,B이하,B+,B이하,C,2016,
337,373,샘표,7540,B이하,B이하,B이하,C,2016,
338,372,서연,7860,B이하,B이하,B이하,C,2016,
339,371,서연이화,200880,B이하,B이하,B이하,C,2016,
340,370,서울도시가스,17390,B+,B이하,B+,B+,2016,
341,369,서울식품공업,4410,B이하,B이하,B이하,B,2016,
342,368,서원,21050,B이하,B+,B이하,B,2016,
343,367,서흥,8490,B이하,B이하,B이하,C,2016,
344,366,선도전기,7610,B이하,B이하,B이하,B,2016,
345,365,선진,136490,B이하,B이하,B이하,B+,2016,
346,364,선창산업,2820,B이하,B+,B이하,B,2016,
347,363,성문전자,14910,B이하,B이하,B이하,C,2016,
348,362,성보화학,3080,B이하,B이하,B이하,B,2016,
349,361,성신양회,4980,B이하,B+,B이하,B,2016,
350,360,성안,11300,B이하,B이하,B이하,C,2016,
351,359,성지건설,5980,B이하,B이하,B이하,C,2016,
352,358,성창기업지주,180,B이하,B이하,B이하,C,2016,
353,357,세기상사,2420,B이하,B이하,B이하,B,2016,
354,356,세방,4360,B+,B이하,B+,B+,2016,
355,355,세방전지,4490,B+,B+,B+,B,2016,
356,354,세아베스틸,1430,B+,B+,B+,B,2016,
357,353,세아제강,3030,B이하,B+,B+,C,2016,
358,352,세아특수강,19440,B이하,B+,B이하,B,2016,
359,351,세아홀딩스,58650,B이하,B이하,B이하,B,2016,
360,350,세우글로벌,13000,B이하,B이하,B이하,C,2016,
361,349,세원셀론텍,91090,B이하,B이하,B이하,C,2016,
362,348,세원정공,21820,B이하,B이하,B이하,B,2016,
363,347,세이브존I&C,67830,B이하,B이하,B이하,B,2016,
364,346,세종공업,33530,B이하,B이하,B이하,C,2016,
365,345,세하,27970,B이하,B+,B이하,C,2016,
366,344,송원산업,4430,B이하,B+,B이하,C,2016,
367,343,수산중공업,17550,B이하,B이하,B이하,B,2016,
368,342,신대양제지,16590,B이하,B이하,B이하,C,2016,
369,341,신도리코,29530,B이하,B+,B이하,B,2016,
370,340,신라교역,4970,B이하,B이하,B이하,B,2016,
371,339,신성에프에이,104120,B이하,B이하,B이하,C,2016,
372,338,신성이엔지,11930,B이하,B이하,B이하,B,2016,
373,337,신성이엔지,104110,B이하,B이하,B이하,C,2016,
374,336,신성통상,5390,B이하,B이하,B이하,B,2016,
375,335,신세계,4170,B+,B+,A+,C,2016,
376,334,신세계I&C,35510,B+,B+,B+,B,2016,
377,333,신세계건설,34300,B+,B+,B+,B,2016,
378,332,신세계인터내셔날,31430,B+,B+,A,B+,2016,
379,331,신세계푸드,31440,B이하,B이하,B+,C,2016,
380,330,신송홀딩스,6880,B이하,B이하,B이하,B,2016,
381,329,신영와코루,5800,B이하,B이하,B이하,C,2016,
382,328,신영증권,1720,B이하,B이하,B이하,A,2016,
383,327,신원,9270,B이하,B이하,B이하,D,2016,
384,326,신일산업,2700,B이하,B이하,B이하,D,2016,
385,325,신풍제약,19170,B이하,B이하,B이하,B,2016,
386,324,신풍제지,2870,B이하,B+,B이하,B,2016,
387,323,신한,5450,B이하,B이하,B이하,C,2016,
388,322,신한지주,55550,A+,A+,A+,A+,2016,
389,321,신화실업,1770,B이하,B이하,B이하,C,2016,
390,320,신흥,4080,B이하,B이하,B이하,B+,2016,
391,319,쌍방울,102280,B이하,B이하,B이하,C,2016,
392,318,쌍용양회공업,3410,B+,A,A,B,2016,
393,317,쌍용자동차,3620,B+,B+,B이하,B+,2016,
394,316,써니전자,4770,B이하,B이하,B이하,C,2016,
395,315,씨아이테크,4920,B이하,B이하,B이하,C,2016,
396,314,씨에스윈드,112610,B이하,B이하,B이하,B+,2016,
397,313,아남전자,8700,B이하,B이하,B이하,B,2016,
398,312,아모레퍼시픽,90430,A,A,A,B+,2016,
399,311,아모레퍼시픽그룹,2790,B+,B이하,A+,C,2016,
400,310,아비스타,90370,B이하,B이하,B이하,B,2016,
401,309,아세아,2030,B이하,B이하,B이하,B,2016,
402,308,아세아시멘트,183190,B이하,B+,B이하,B,2016,
403,307,아세아제지,2310,B이하,B이하,B이하,B,2016,
404,306,아시아나항공,20560,B+,B+,A+,B,2016,
405,305,아이마켓코리아,122900,B이하,B이하,B이하,C,2016,
406,304,아이에스동서,10780,B이하,B이하,B이하,B,2016,
407,303,아이에이치큐,3560,B이하,B이하,B이하,C,2016,
408,302,아주캐피탈,33660,B이하,B이하,B이하,A,2016,
409,301,아티스,101140,B이하,B이하,B이하,B+,2016,
410,300,알루코,1780,B이하,B이하,B이하,D,2016,
411,299,알보젠코리아,2250,B이하,B이하,B이하,C,2016,
412,298,애경유화,161000,B이하,B+,B이하,C,2016,
413,297,에넥스,11090,B이하,B이하,B이하,C,2016,
414,296,에스엘,5850,B이하,B이하,B+,C,2016,
415,295,에스원,12750,B이하,B이하,B+,B,2016,
416,294,에스제이엠,123700,B이하,B이하,B이하,B+,2016,
417,293,에스제이엠홀딩스,25530,B이하,B이하,B이하,B,2016,
418,292,에쓰씨엔지니어링,23960,B이하,B이하,B이하,C,2016,
419,291,에이블씨엔씨,78520,B이하,B이하,B이하,B,2016,
420,290,에이엔피,15260,B이하,B이하,B이하,C,2016,
421,289,에이프로젠KIC,7460,B이하,B이하,B이하,C,2016,
422,288,에이프로젠제약,3060,B이하,B이하,B이하,C,2016,
423,287,엔씨소프트,36570,B이하,B이하,B이하,B+,2016,
424,286,엔에스쇼핑,138250,B이하,B이하,B이하,B+,2016,
425,285,엔케이,85310,B이하,B이하,B이하,C,2016,
426,284,엔케이물산,9810,B이하,B이하,B이하,C,2016,
427,283,엔피씨,4250,B이하,B이하,B이하,B,2016,
428,282,영보화학,14440,B이하,B이하,B이하,C,2016,
429,281,영원무역,111770,B이하,B이하,B이하,B,2016,
430,280,영원무역홀딩스,9970,B이하,B이하,B이하,B,2016,
431,279,영진약품,3520,B이하,B이하,B이하,B,2016,
432,278,영풍,670,B이하,B이하,B이하,D,2016,
433,277,영풍제지,6740,B이하,B이하,B이하,C,2016,
434,276,영화금속,12280,B이하,B이하,B이하,B,2016,
435,275,영흥철강,12160,B이하,B+,B이하,B,2016,
436,274,예스코,15360,B이하,B이하,B+,B+,2016,
437,273,오뚜기,7310,B이하,B이하,B+,D,2016,
438,272,오리엔트바이오,2630,B이하,B이하,B이하,C,2016,
439,271,오리온홀딩스,1800,B이하,B이하,B이하,C,2016,
440,270,와이비로드,10600,B이하,B이하,B이하,C,2016,
441,269,우리들제약,4720,B이하,B이하,B이하,C,2016,
442,268,우리들휴브레인,118000,B이하,B이하,B이하,C,2016,
443,267,우리종금,10050,B이하,B이하,B이하,B+,2016,
444,266,우성사료,6980,B이하,B이하,B이하,B+,2016,
445,265,우신시스템,17370,B이하,B이하,B이하,C,2016,
446,264,우진,105840,B이하,B이하,B이하,B,2016,
447,263,우진플라임,49800,B이하,B이하,B이하,B,2016,
448,262,웅진,16880,B이하,B이하,B이하,B,2016,
449,261,웅진씽크빅,95720,B이하,B이하,B이하,C,2016,
450,260,웅진에너지,103130,B이하,A,B이하,C,2016,
451,259,원림,5820,B이하,B이하,B이하,C,2016,
452,258,윌비스,8600,B이하,B이하,B이하,B,2016,
453,257,유나이티드,33270,B이하,B이하,B이하,B+,2016,
454,256,유니드,14830,B이하,B+,B이하,C,2016,
455,255,유니온,910,B이하,B이하,B이하,B,2016,
456,254,유니온머티리얼,47400,B이하,B+,B이하,C,2016,
457,253,유니켐,11330,B이하,B이하,B이하,C,2016,
458,252,유니퀘스트,77500,B이하,B이하,B이하,B,2016,
459,251,유성기업,2920,B이하,B+,B이하,B+,2016,
460,250,유수홀딩스,700,B이하,B이하,B이하,B,2016,
461,249,유안타증권,3470,B이하,B이하,B이하,A,2016,
462,248,유양디앤유,11690,B이하,B이하,B이하,B,2016,
463,247,유엔젤,72130,B이하,B이하,B이하,C,2016,
464,246,유유제약,220,B이하,B이하,B이하,B,2016,
465,245,유진증권,1200,B이하,B이하,B이하,A,2016,
466,244,유한양행,100,B+,B+,B이하,B+,2016,
467,243,유화증권,3460,B이하,B이하,B이하,B+,2016,
468,242,율촌화학,8730,B이하,B이하,B이하,C,2016,
469,241,이건산업,8250,B이하,B이하,B이하,B,2016,
470,240,이구산업,25820,B이하,B+,B이하,B+,2016,
471,239,이마트,139480,B이하,A,B이하,C,2016,
472,238,이수페타시스,7660,B이하,B+,A,D,2016,
473,237,이수화학,5950,B이하,B이하,B이하,B,2016,
474,236,이스타코,15020,B이하,B이하,B이하,C,2016,
475,235,이아이디,93230,B이하,B이하,B이하,D,2016,
476,234,이연제약,102460,B이하,B이하,B이하,B,2016,
477,233,이월드,84680,B이하,B이하,B이하,C,2016,
478,232,이화산업,760,B이하,B이하,B이하,C,2016,
479,231,인디에프,14990,B이하,B이하,B이하,C,2016,
480,230,인스코비,6490,B이하,B이하,B이하,B,2016,
481,229,인지컨트롤스,23800,B이하,B이하,B이하,C,2016,
482,228,인천도시가스,34590,B이하,B이하,B이하,B,2016,
483,227,인터지스,129260,B이하,B이하,B이하,B,2016,
484,226,인팩,23810,B이하,B이하,B이하,C,2016,
485,225,일동홀딩스,230,B이하,B이하,B이하,B,2016,
486,224,일성건설,13360,B이하,B이하,B이하,C,2016,
487,223,일성신약,3120,B이하,B이하,B이하,C,2016,
488,222,일신방직,3200,B이하,B+,B이하,B,2016,
489,221,일신석재,7110,B이하,B이하,B이하,C,2016,
490,220,일양약품,7570,B이하,B이하,B이하,B,2016,
491,219,일정실업,8500,B이하,B이하,B이하,C,2016,
492,218,일진다이아,81000,B이하,B이하,B이하,C,2016,
493,217,일진디스플,20760,B이하,B이하,B이하,B,2016,
494,216,일진머티리얼즈,20150,B이하,B+,B이하,C,2016,
495,215,일진전기,103590,B이하,B이하,B이하,B,2016,
496,214,일진홀딩스,15860,B이하,B이하,B이하,B,2016,
497,213,자화전자,33240,B이하,B+,B이하,B,2016,
498,212,전방,950,B이하,B이하,B이하,C,2016,
499,211,제이준코스메틱,25620,B이하,B이하,B이하,D,2016,
500,210,제일기획,30000,B이하,B+,B이하,B,2016,
501,209,제일연마,1560,B이하,B이하,B이하,C,2016,
502,208,제일파마홀딩스,2620,B이하,B이하,B이하,B,2016,
503,207,제주은행,6220,B+,B이하,B+,A+,2016,
504,206,조광페인트,4910,B이하,B이하,B이하,B,2016,
505,205,조광피혁,4700,B이하,B이하,B이하,B,2016,
506,204,조비,1550,B이하,B이하,B이하,C,2016,
507,203,조선내화,480,B이하,B이하,B이하,B,2016,
508,202,조선선재,120030,B이하,B이하,B이하,C,2016,
509,201,조일알미늄,18470,B이하,B+,B이하,B,2016,
510,200,조흥,2600,B이하,B이하,B이하,B,2016,
511,199,종근당,185750,B이하,B이하,B+,B,2016,
512,198,종근당바이오,63160,B이하,B+,B이하,B,2016,
513,197,종근당홀딩스,1630,B이하,B이하,B이하,B,2016,
514,196,주연테크,44380,B이하,B이하,B이하,C,2016,
515,195,지엠비코리아,13870,B이하,B이하,B이하,B,2016,
516,194,지역난방공사,71320,B+,B+,B+,A,2016,
517,193,지코,10580,B이하,B이하,B이하,C,2016,
518,192,지투알,35000,B이하,B이하,B이하,B+,2016,
519,191,진도,88790,B이하,B이하,B이하,C,2016,
520,190,진양산업,3780,B이하,B이하,B이하,B,2016,
521,189,진양폴리우레탄,10640,B이하,B이하,B이하,C,2016,
522,188,진양홀딩스,100250,B이하,B이하,B이하,B,2016,
523,187,진양화학,51630,B이하,B이하,B이하,B,2016,
524,186,진원생명과학,11000,B이하,B이하,B이하,D,2016,
525,185,진흥기업,2780,B이하,B+,B이하,B,2016,
526,184,참엔지니어링,9310,B이하,B이하,B이하,D,2016,
527,183,천일고속,650,B이하,B이하,B이하,B,2016,
528,182,청호컴넷,12600,B이하,B이하,B이하,C,2016,
529,181,체시스,33250,B이하,B이하,B이하,C,2016,
530,180,카프로,6380,B이하,B+,B이하,B,2016,
531,179,케이씨,29460,B이하,B이하,B+,B,2016,
532,178,케이씨씨,2380,B+,B+,A+,C,2016,
533,177,케이씨티시,9070,B이하,B이하,B+,B,2016,
534,176,케이티,30200,A,A,A,A,2016,
535,175,케이티스,58860,B이하,B이하,B+,B+,2016,
536,174,케이티스카이라이프,53210,B이하,B이하,B이하,B+,2016,
537,173,케이티앤지,33780,A,B+,B+,A+,2016,
538,172,코리아써키트,7810,B이하,B+,B이하,C,2016,
539,171,코리안리,3690,B이하,B이하,B이하,A+,2016,
540,170,코스맥스,192820,B이하,B이하,B이하,B,2016,
541,169,코스맥스비티아이,44820,B이하,B이하,B이하,B,2016,
542,168,코스모신소재,5070,B이하,B+,B이하,C,2016,
543,167,코스모화학,5420,B이하,B+,B이하,B,2016,
544,166,코아스,71950,B이하,B이하,B이하,B,2016,
545,165,코오롱,2020,B이하,B이하,B이하,C,2016,
546,164,코오롱글로벌,3070,B+,B이하,B+,B+,2016,
547,163,코오롱머티리얼,144620,B이하,B이하,B이하,C,2016,
548,162,코오롱인더,120110,B이하,B+,B이하,B,2016,
549,161,코오롱플라스틱,138490,B+,A,B이하,B,2016,
550,160,코웨이,21240,A,A,A+,B,2016,
551,159,콤텍시스템,31820,B이하,B이하,B이하,B,2016,
552,158,쿠쿠홀딩스,192400,B이하,B이하,B이하,B,2016,
553,157,크라운해태홀딩스,5740,B이하,B이하,B이하,B,2016,
554,156,키움증권,39490,B+,B이하,B+,A,2016,
555,155,키위미디어그룹,12170,B이하,B이하,B이하,D,2016,
556,154,태경산업,15890,B이하,B이하,B이하,C,2016,
557,153,태경화학,6890,B이하,B이하,B이하,D,2016,
558,152,태광산업,3240,B이하,B이하,B+,C,2016,
559,151,태림포장,11280,B이하,B이하,B이하,C,2016,
560,150,태양금속공업,4100,B이하,B+,B이하,B,2016,
561,149,태영건설,9410,B+,B이하,B+,B+,2016,
562,148,태원물산,1420,B이하,B이하,B이하,B,2016,
563,147,태평양물산,7980,B이하,B이하,B+,B,2016,
564,146,텔코웨어,78000,B이하,B이하,B이하,C,2016,
565,145,티비에이치글로벌,84870,B이하,B이하,B이하,B,2016,
566,144,티에이치엔,19180,B이하,B이하,B이하,C,2016,
567,143,티웨이홀딩스,4870,B이하,B이하,B이하,C,2016,
568,142,팀스,134790,B이하,B이하,B이하,B,2016,
569,141,파미셀,5690,B이하,B이하,B이하,C,2016,
570,140,팜스코,36580,B이하,B이하,B이하,B,2016,
571,139,팬오션,28670,B이하,B이하,B이하,B,2016,
572,138,퍼스텍,10820,B이하,B이하,B이하,B,2016,
573,137,퍼시스,16800,B이하,B이하,B이하,B,2016,
574,136,페이퍼코리아,1020,B이하,B이하,B이하,C,2016,
575,135,평화산업,90080,B+,B이하,B+,B+,2016,
576,134,평화홀딩스,10770,B이하,B이하,B+,B,2016,
577,133,포스코,5490,A+,A,A+,A+,2016,
578,132,포스코강판,58430,B+,B+,B+,B+,2016,
579,131,포스코대우,47050,B이하,B이하,B+,B+,2016,
580,130,폴루스바이오팜,7630,B이하,B이하,B이하,B,2016,
581,129,풀무원,17810,A,A,A+,A,2016,
582,128,풍산,103140,B+,A,B이하,B,2016,
583,127,풍산홀딩스,5810,B이하,B이하,B이하,B,2016,
584,126,필룩스,33180,B이하,B이하,B이하,B,2016,
585,125,하나금융지주,86790,A,B이하,A,A+,2016,
586,124,하나투어,39130,B이하,B이하,B이하,C,2016,
587,123,하이스틸,71090,B이하,B이하,B이하,B,2016,
588,122,하이트론씨스템즈,19490,B이하,B이하,B이하,B,2016,
589,121,하이트진로,80,B이하,B+,B이하,C,2016,
590,120,하이트진로홀딩스,140,B이하,B이하,B이하,B+,2016,
591,119,한국가스공사,36460,B+,A,B이하,B+,2016,
592,118,한국공항,5430,B이하,B이하,B이하,C,2016,
593,117,한국금융지주,71050,B이하,B이하,B이하,A+,2016,
594,116,한국내화,10040,B이하,B이하,B이하,C,2016,
595,115,한국단자공업,25540,B이하,B이하,B이하,B,2016,
596,114,한국석유공업,4090,B이하,B이하,B이하,B,2016,
597,113,한국수출포장공업,2200,B이하,B+,B이하,B,2016,
598,112,한국쉘석유,2960,B이하,B이하,B이하,B+,2016,
599,111,한국유리공업,2000,B이하,B+,B이하,C,2016,
600,110,한국전력공사,15760,B+,B+,A+,C,2016,
601,109,한국전자홀딩스,6200,B이하,B이하,B이하,B,2016,
602,108,한국제지,2300,B이하,B+,B이하,B,2016,
603,107,한국종합기술,23350,B이하,B이하,B이하,B+,2016,
604,106,한국주강,25890,B이하,B이하,B이하,C,2016,
605,105,한국주철관공업,970,B이하,B이하,B이하,C,2016,
606,104,한국철강,104700,B이하,B+,B+,C,2016,
607,103,한국카본,17960,B이하,B이하,B이하,C,2016,
608,102,한국콜마,161890,B이하,B이하,B이하,C,2016,
609,101,한국콜마홀딩스,24720,B이하,B이하,B이하,B,2016,
610,100,한국타이어,161390,A,A+,A+,B+,2016,
611,99,한국타이어월드와이드,240,A,B+,A+,A,2016,
612,98,한국특수형강,7280,B이하,B이하,B이하,C,2016,
613,97,한국프랜지공업,10100,B이하,B이하,B이하,C,2016,
614,96,한국항공우주,47810,B이하,B+,B이하,B,2016,
615,95,한국화장품,123690,B이하,B이하,B이하,C,2016,
616,94,한국화장품제조,3350,B이하,B이하,B이하,B,2016,
617,93,한농화성,11500,B이하,B이하,B이하,B,2016,
618,92,한독,2390,B+,B+,B+,B,2016,
619,91,한라,14790,B+,B이하,B+,B+,2016,
620,90,한라홀딩스,60980,B이하,B이하,B이하,B+,2016,
621,89,한미글로벌,53690,B이하,B이하,B이하,B,2016,
622,88,한미반도체,42700,B이하,B이하,B이하,B,2016,
623,87,한미사이언스,8930,B이하,B이하,B이하,C,2016,
624,86,한미약품,128940,B이하,B이하,B+,D,2016,
625,85,한샘,9240,B이하,B이하,B이하,B+,2016,
626,84,한섬,20000,B이하,B이하,B이하,B+,2016,
627,83,한성기업,3680,B이하,B이하,B이하,C,2016,
628,82,한세실업,105630,B이하,B이하,B이하,B+,2016,
629,81,한세엠케이,69640,B이하,B이하,B이하,B,2016,
630,80,한세예스24홀딩스,16450,B이하,B이하,B이하,B,2016,
631,79,한솔로지스틱스,9180,B이하,B이하,B이하,B,2016,
632,78,한솔아트원제지,7190,B이하,B+,B이하,C,2016,
633,77,한솔케미칼,14680,B+,B+,B+,B,2016,
634,76,한솔테크닉스,4710,B이하,B+,B이하,B,2016,
635,75,한솔피엔에스,10420,B이하,B이하,B이하,B,2016,
636,74,한솔홀딩스,4150,B이하,B이하,B이하,B,2016,
637,73,한솔홈데코,25750,B이하,B+,B+,C,2016,
638,72,한신공영,4960,B이하,B이하,B이하,C,2016,
639,71,한신기계공업,11700,B이하,B이하,B이하,B,2016,
640,70,한양증권,1750,B이하,B이하,B이하,B+,2016,
641,69,한온시스템,18880,B이하,B+,B이하,B,2016,
642,68,한올바이오파마,9420,B이하,B이하,B+,C,2016,
643,67,한익스프레스,14130,B이하,B이하,B이하,B,2016,
644,66,한일시멘트,3300,B이하,B+,B이하,C,2016,
645,65,한일철강,2220,B이하,B이하,B이하,C,2016,
646,64,한전KPS,51600,B+,B+,B+,B,2016,
647,63,한전기술,52690,B+,B+,B+,B,2016,
648,62,한전산업,130660,B이하,B이하,B+,C,2016,
649,61,한진,2320,B이하,B이하,B+,C,2016,
650,60,한진중공업,97230,B이하,B+,B이하,C,2016,
651,59,한진중공업홀딩스,3480,B이하,B이하,B이하,B,2016,
652,58,한진칼,180640,B이하,B이하,B이하,C,2016,
653,57,한진해운,117930,B이하,B이하,B+,B,2016,
654,56,한창,5110,B이하,B이하,B이하,C,2016,
655,55,한창제지,9460,B이하,B이하,B이하,C,2016,
656,54,한화,880,B+,A,B+,B+,2016,
657,53,한화갤러리아타임월드,27390,B이하,B이하,B+,B,2016,
658,52,한화생명,88350,B이하,B이하,B+,B+,2016,
659,51,한화손해보험,370,B+,B이하,B이하,A,2016,
660,50,한화케미칼,9830,B+,B+,A+,B,2016,
661,49,한화테크윈,12450,B+,A,B+,B+,2016,
662,48,한화투자증권,3530,B+,B이하,B+,A,2016,
663,47,현대EP,89470,B이하,B이하,B이하,C,2016,
664,46,현대건설,720,B+,A,B+,B,2016,
665,45,현대그린푸드,5440,B이하,B이하,B이하,B+,2016,
666,44,현대글로비스,86280,B+,B+,A+,B,2016,
667,43,현대로템,64350,B+,B+,B+,B,2016,
668,42,현대리바트,79430,B+,B이하,B+,B+,2016,
669,41,현대모비스,12330,B+,A,A+,C,2016,
670,40,현대미포조선,10620,B+,A,B이하,B+,2016,
671,39,현대백화점,69960,B+,B이하,B+,B+,2016,
672,38,현대비앤지스틸,4560,B이하,B+,B이하,D,2016,
673,37,현대산업개발,12630,B+,B이하,B+,B+,2016,
674,36,현대상선,11200,B이하,B+,B+,D,2016,
675,35,현대시멘트,6390,B이하,B+,B이하,D,2016,
676,34,현대약품,4310,B이하,B이하,B+,B,2016,
677,33,현대에이치씨엔,126560,B이하,B이하,B이하,B+,2016,
678,32,현대엘리베이터,17800,B+,A,B+,C,2016,
679,31,현대위아,11210,B+,B+,B+,B+,2016,
680,30,현대자동차,5380,B+,A,A,C,2016,
681,29,현대제철,4020,B이하,B+,B이하,C,2016,
682,28,현대종합상사,11760,B이하,B이하,B이하,B,2016,
683,27,현대중공업,9540,A,A,A+,B+,2016,
684,26,현대차투자증권,1500,B이하,B이하,B이하,A,2016,
685,25,현대페인트,11720,B이하,B이하,B이하,D,2016,
686,24,현대해상,1450,A,B이하,B+,A+,2016,
687,23,현대홈쇼핑,57050,B+,B이하,B이하,A,2016,
688,22,형지엘리트,93240,B이하,B이하,B이하,C,2016,
689,21,혜인,3010,B이하,B이하,B이하,B,2016,
690,20,호텔신라,8770,B이하,B이하,B이하,B,2016,
691,19,화성산업,2460,B이하,B이하,B이하,B+,2016,
692,18,화승알앤에이,13520,B이하,B+,B이하,B,2016,
693,17,화승인더스트리,6060,B이하,B+,B이하,C,2016,
694,16,화신,10690,B이하,B이하,B이하,C,2016,
695,15,화인베스틸,133820,B이하,B+,B이하,B,2016,
696,14,화천기계,10660,B이하,B이하,B이하,B,2016,
697,13,화천기공,850,B이하,B이하,B이하,B,2016,
698,12,환인제약,16580,B이하,B이하,B이하,B+,2016,
699,11,황금에스티,32560,B이하,B이하,B이하,B,2016,
700,10,효성,4800,B이하,A,B+,D,2016,
701,9,효성 ITX,94280,B이하,B이하,B+,B,2016,
702,8,후성,93370,B이하,B+,B이하,B,2016,
703,7,휠라코리아,81660,B이하,B이하,B이하,B,2016,
704,6,휴니드테크놀러지스,5870,B이하,B이하,B이하,B,2016,
705,5,휴비스,79980,B+,B+,B+,B,2016,
706,4,휴스틸,5010,B이하,B+,B이하,B,2016,
707,3,휴켐스,69260,B+,A,B+,B,2016,
708,2,흥국화재,540,B+,B이하,B이하,A+,2016,
709,1,흥아해운,3280,B이하,B이하,B이하,C,2016,
0,732,AJ네트웍스,95570,B이하,B이하,B이하,B,2017,
1,731,AJ렌터카,68400,B이하,B이하,B이하,C,2017,
2,730,AK홀딩스,6840,B이하,B이하,B이하,B,2017,
3,729,BGF,27410,B이하,B이하,A,B,2017,
4,728,BNK금융지주,138930,B+,B+,A,B,2017,
5,727,BYC,1460,B이하,B이하,B이하,B,2017,
6,726,CJ,1040,A,B이하,A,A,2017,
7,725,CJ CGV,79160,B이하,B이하,B+,B+,2017,
8,724,CJ대한통운,120,B+,A,B+,B+,2017,
9,723,CJ씨푸드,11150,B이하,B이하,B이하,B,2017,
10,722,CJ제일제당,97950,A,A,A,B+,2017,
11,721,CJ헬로,37560,B이하,B이하,B+,B+,2017,
12,720,CS홀딩스,590,B이하,B이하,B이하,B,2017,
13,719,DB,12030,B이하,B이하,B이하,B,2017,
14,718,DB금융투자,16610,B+,B이하,B이하,A,2017,
15,717,DB손해보험,5830,A,B+,A,A,2017,
16,716,DB하이텍,990,B이하,B+,B+,C,2017,
17,715,DGB금융지주,139130,A,A,A,A,2017,
18,714,DRB동일,4840,B이하,B이하,B이하,B,2017,
19,713,DSR,155660,B이하,B이하,B이하,C,2017,
20,712,DSR제강,69730,B이하,B이하,B이하,B,2017,
21,711,E1,17940,B이하,B이하,B+,B+,2017,
22,710,F&F,7700,B이하,B이하,B이하,B,2017,
23,709,GKL,114090,B이하,B이하,B이하,B+,2017,
24,708,GS,78930,B이하,B이하,B이하,B+,2017,
25,707,GS건설,6360,A,A,A,B+,2017,
26,706,GS글로벌,1250,B이하,B이하,B이하,B+,2017,
27,705,GS리테일,7070,B+,B이하,B+,B+,2017,
28,704,JB금융지주,175330,B이하,B이하,B이하,A,2017,
29,703,JW생명과학,234080,B이하,B+,B이하,B,2017,16년10월 상장
30,702,JW중외제약,1060,B이하,B이하,B+,B,2017,
31,701,JW홀딩스,96760,B이하,B이하,B이하,B+,2017,
32,700,KB금융,105560,A,A,A,A,2017,
33,699,KC그린홀딩스,9440,B이하,B이하,B이하,B,2017,
34,698,KC코트렐,119650,B이하,B이하,B이하,B,2017,
35,697,KEC,92220,B이하,B+,B이하,B,2017,
36,696,KGP,109070,B이하,B이하,B이하,D,2017,
37,695,KG케미칼,1390,B이하,B이하,B이하,D,2017,
38,694,KISCO홀딩스,1940,B이하,B이하,B이하,B,2017,
39,693,KPX그린케미칼,83420,B이하,B+,B이하,D,2017,
40,692,KPX케미칼,25000,B이하,B이하,B이하,C,2017,
41,691,KPX홀딩스,92230,B이하,B이하,B이하,B,2017,
42,690,KR모터스,40,B이하,B이하,B이하,B,2017,
43,689,KSS해운,44450,B+,B+,B이하,B+,2017,
44,688,KTB투자증권,30210,B이하,B이하,B이하,B+,2017,
45,687,KTcs,58850,B이하,B이하,B+,B+,2017,
46,686,LF,93050,B이하,B이하,B이하,B+,2017,
47,685,LG,3550,B+,B이하,B+,B+,2017,
48,684,LG디스플레이,34220,A,A,A,B+,2017,
49,683,LG상사,1120,B+,B+,A,B,2017,
50,682,LG생활건강,51900,A,A,A+,B+,2017,
51,681,LG유플러스,32640,B+,A,B+,B+,2017,
52,680,LG이노텍,11070,A,A,A+,B+,2017,
53,679,LG전자,66570,B+,A,A,B,2017,
54,678,LG하우시스,108670,A,A,A+,B+,2017,
55,677,LG화학,51910,A,A,A+,B+,2017,
56,676,LIG넥스원,79550,B+,B+,B+,B+,2017,
57,675,LS,6260,B이하,B이하,B이하,B,2017,
58,674,LS네트웍스,680,B이하,B이하,B이하,B,2017,
59,673,LS산전,10120,B+,A,A,B,2017,
60,672,LS전선아시아,229640,B이하,B이하,B이하,B,2017,16년9월 상장
61,671,MH에탄올,23150,B이하,B이하,B이하,C,2017,
62,670,NAVER,35420,B+,B+,A,B+,2017,
63,669,NHN엔터테인먼트,181710,B이하,B이하,B이하,B+,2017,
64,668,NH투자증권,5940,B+,B이하,B이하,A,2017,
65,667,NICE,34310,B이하,B이하,B이하,B+,2017,
66,666,NI스틸,8260,B이하,B이하,B이하,B,2017,
67,665,OCI,10060,A,A,A+,B+,2017,
68,664,S&TC,100840,B이하,B이하,B이하,B,2017,
69,663,S&T모티브,64960,B+,B+,B이하,B+,2017,
70,662,S&T중공업,3570,B+,B+,B+,B,2017,
71,661,S&T홀딩스,36530,B이하,B이하,B이하,B,2017,
72,660,S-Oil,10950,A+,A,A+,A+,2017,
73,659,SBS,34120,B이하,B이하,B이하,B,2017,
74,658,SBS미디어홀딩스,101060,B이하,B이하,B이하,B,2017,
75,657,SG세계물산,4060,B이하,B이하,B이하,C,2017,
76,656,SG충방,1380,B이하,B이하,B이하,C,2017,
77,655,SH에너지화학,2360,B이하,B이하,B이하,B,2017,
78,654,SIMPAC,9160,B이하,B이하,B이하,C,2017,
79,653,SK,34730,A+,A,A+,A+,2017,
80,652,SKC,11790,B+,A,B+,B+,2017,
81,651,SK가스,18670,B이하,B이하,B+,B+,2017,
82,650,SK네트웍스,1740,B+,B이하,B+,B+,2017,
83,649,SK디스커버리,6120,B+,B이하,A,B+,2017,
84,648,SK디앤디,210980,B이하,B이하,B이하,B,2017,
85,647,SK이노베이션,96770,B+,B이하,A,A,2017,
86,646,SK증권,1510,B+,B이하,B+,A,2017,
87,645,SK텔레콤,17670,A,A,B+,A,2017,
88,644,SK하이닉스,660,A,A,A,A,2017,
89,643,SPC삼립,5610,B이하,B이하,B이하,C,2017,
90,642,STX,11810,B이하,B이하,B+,B,2017,
91,641,STX엔진,77970,B이하,B+,B이하,B,2017,
92,640,TCC동양,2710,B이하,B+,B이하,C,2017,
93,639,WISCOM,24070,B이하,B이하,B이하,B,2017,
94,638,YG PLUS,37270,B이하,B이하,B이하,B,2017,
95,637,가온전선,500,B이하,B+,B이하,B,2017,
96,636,강남제비스코,860,B이하,B이하,B이하,B,2017,
97,635,강원랜드,35250,B+,A,A,B,2017,
98,634,갤럭시아에스엠,11420,B이하,B이하,B이하,C,2017,
99,633,경농,2100,B이하,B이하,B이하,C,2017,
100,632,경동나비엔,9450,B이하,B+,B+,D,2017,
101,631,경동인베스트,12320,B이하,B이하,B이하,C,2017,
102,630,경방,50,B이하,B이하,B이하,B,2017,
103,629,경보제약,214390,B이하,B이하,B이하,B,2017,
104,628,경인양행,12610,B이하,B이하,B이하,B,2017,
105,627,경인전자,9140,B이하,B이하,B이하,B,2017,
106,626,계룡건설산업,13580,B이하,B이하,B이하,C,2017,
107,625,계양전기,12200,B이하,B이하,B이하,B,2017,
108,624,고려개발,4200,B이하,B이하,B+,C,2017,
109,623,고려산업,2140,B이하,B이하,B이하,B,2017,
110,622,고려아연,10130,B이하,B이하,B+,B,2017,
111,621,고려제강,2240,B이하,B+,B이하,C,2017,
112,620,골든브릿지증권,1290,B이하,B이하,B이하,B,2017,
113,619,광동제약,9290,B이하,B이하,B+,B,2017,
114,618,광명전기,17040,B이하,B이하,B이하,C,2017,
115,617,광전자,17900,B이하,B이하,B이하,B,2017,
116,616,광주신세계,37710,B이하,B이하,B이하,B,2017,
117,615,광주은행,192530,B이하,B이하,B이하,A,2017,
118,614,교보증권,30610,B+,B이하,B+,A,2017,
119,613,국도화학,7690,B이하,B+,B이하,D,2017,
120,612,국동,5320,B이하,B이하,B이하,B,2017,
121,611,국보,1140,B이하,B이하,B이하,C,2017,
122,610,국제약품,2720,B이하,B이하,B이하,B+,2017,
123,609,극동유화,14530,B이하,B이하,B이하,B,2017,
124,608,금강공업,14280,B이하,B이하,B이하,C,2017,
125,607,금비,8870,B이하,B이하,B이하,C,2017,
126,606,금양,1570,B이하,B이하,B이하,B,2017,
127,605,금호산업,2990,B이하,B이하,B+,B,2017,
128,604,금호석유화학,11780,B+,B+,B+,B,2017,
129,603,금호에이치티,214330,B이하,B이하,B이하,C,2017,
130,602,금호전기,1210,B이하,B이하,B이하,C,2017,
131,601,금호타이어,73240,B이하,B+,B+,C,2017,
132,600,기신정기,92440,B이하,B이하,B이하,B,2017,
133,599,기아자동차,270,B이하,B+,B+,C,2017,
134,598,기업은행,24110,B+,B이하,B이하,A,2017,
135,597,까뮤이앤씨,13700,B이하,B이하,B이하,B,2017,
136,596,깨끗한나라,4540,B이하,B+,B이하,B,2017,
137,595,나노메딕스,74610,B이하,B이하,B이하,D,2017,
138,594,남광토건,1260,B이하,B이하,B이하,B,2017,
139,593,남선알미늄,8350,B이하,B이하,B+,B,2017,
140,592,남성,4270,B이하,B이하,B이하,B,2017,
141,591,남양유업,3920,B이하,B이하,B+,B,2017,
142,590,남영비비안,2070,B이하,B이하,B이하,C,2017,
143,589,남해화학,25860,B이하,B+,B이하,B,2017,
144,588,넥센,5720,B이하,B+,B이하,B,2017,
145,587,넥센타이어,2350,B이하,B+,B이하,B,2017,
146,586,노루페인트,90350,B이하,B이하,B이하,B,2017,
147,585,노루홀딩스,320,B이하,B이하,B이하,D,2017,
148,584,녹십자,6280,B이하,B+,B이하,B,2017,
149,583,녹십자홀딩스,5250,B이하,B이하,B이하,B,2017,
150,582,농심,4370,B이하,B+,B이하,B,2017,
151,581,농심홀딩스,72710,B이하,B이하,B이하,B,2017,
152,580,다우기술,23590,B이하,B이하,B+,B,2017,
153,579,다우인큐브,20120,B이하,B이하,B이하,B,2017,
154,578,대경기계기술,15590,B이하,B이하,B이하,B,2017,
155,577,대교,19680,B+,B이하,B이하,A,2017,
156,576,대구백화점,6370,B이하,B이하,B이하,B+,2017,
157,575,대덕GDS,4130,B이하,B+,B이하,B,2017,
158,574,대덕전자,8060,B이하,B+,B이하,B,2017,
159,573,대동공업,490,B이하,B이하,B+,B,2017,
160,572,대동전자,8110,B이하,B이하,B이하,B,2017,
161,571,대림비앤코,5750,B이하,B이하,B이하,C,2017,
162,570,대림산업,210,B이하,B+,B이하,B+,2017,
163,569,대림씨엔에스,4440,B이하,B이하,B이하,B+,2017,16년3월 상장
164,568,대림통상,6570,B이하,B이하,B이하,C,2017,
165,567,대상,1680,B이하,B이하,B+,B,2017,
166,566,대상홀딩스,84690,B이하,B이하,B이하,C,2017,
167,565,대성산업,128820,B이하,B이하,B이하,B,2017,
168,564,대성에너지,117580,B이하,B이하,B이하,B,2017,
169,563,대성합동지주,5620,B이하,B이하,B이하,B,2017,
170,562,대성홀딩스,16710,B이하,B이하,B이하,B,2017,
171,561,대신증권,3540,B이하,B이하,B이하,A,2017,
172,560,대양금속,9190,B이하,B+,B이하,C,2017,
173,559,대영포장,14160,B이하,B이하,B이하,C,2017,
174,558,대우건설,47040,A,A,A,B+,2017,
175,557,대우부품,9320,B이하,B이하,B이하,C,2017,
176,556,대우조선해양,42660,B이하,B+,B이하,C,2017,
177,555,대웅,3090,B이하,B이하,B이하,B,2017,
178,554,대웅제약,69620,B이하,B이하,B+,C,2017,
179,553,대원강업,430,B이하,B+,B이하,B,2017,
180,552,대원전선,6340,B이하,B이하,B이하,C,2017,
181,551,대원제약,3220,B이하,B이하,B+,B+,2017,
182,550,대원화성,24890,B이하,B+,B이하,B,2017,
183,549,대유에이텍,2880,B이하,B이하,B이하,C,2017,
184,548,대유플러스,300,B이하,B+,B이하,B,2017,
185,547,대창,12800,B이하,B+,B이하,B,2017,
186,546,대창단조,15230,B이하,B+,B이하,C,2017,
187,545,대한방직,1070,B이하,B이하,B이하,C,2017,
188,544,대한유화,6650,B이하,B이하,B이하,B,2017,
189,543,대한전선,1440,B이하,B+,B이하,B,2017,
190,542,대한제강,84010,B이하,B+,B이하,B,2017,
191,541,대한제당,1790,B이하,B이하,B이하,C,2017,
192,540,대한제분,1130,B이하,B이하,B이하,C,2017,
193,539,대한항공,3490,B+,A,B+,B+,2017,
194,538,대한해운,5880,B이하,B이하,B이하,C,2017,
195,537,대한화섬,3830,B이하,B이하,B이하,B,2017,
196,536,대현,16090,B이하,B이하,B이하,B,2017,
197,535,대호에이엘,69460,B이하,B+,B이하,B,2017,
198,534,더존비즈온,12510,B이하,B이하,B+,B,2017,
199,533,덕성,4830,B이하,B이하,B이하,B,2017,
200,532,덕양산업,24900,B이하,B이하,B이하,B,2017,
201,531,도레이케미칼,8000,B이하,B+,B+,C,2017,
202,530,도화엔지니어링,2150,B이하,B이하,B이하,B+,2017,
203,529,동국실업,1620,B이하,B이하,B이하,C,2017,
204,528,동국제강,1230,B이하,B+,B+,C,2017,
205,527,동남합성,23450,B이하,B이하,B이하,C,2017,
206,526,동방,4140,B이하,B이하,B이하,B,2017,
207,525,동방아그로,7590,B이하,B이하,B이하,B,2017,
208,524,동부제철,16380,B+,A,B이하,B,2017,
209,523,동서,26960,B이하,B이하,B이하,B,2017,16년7월 상장
210,522,동성제약,2210,B이하,B이하,B이하,B,2017,
211,521,동성코퍼레이션,102260,B이하,B이하,B이하,B,2017,
212,520,동성화학,5190,B이하,B이하,B+,B,2017,
213,519,동아쏘시오홀딩스,640,B이하,B이하,B이하,C,2017,
214,518,동아에스텍,58730,B이하,B이하,B이하,B+,2017,
215,517,동아에스티,170900,B이하,B이하,B이하,B,2017,
216,516,동아지질,28100,B이하,B이하,B이하,B,2017,
217,515,동양,1520,B이하,B이하,B이하,B,2017,
218,514,동양고속,84670,B이하,B이하,B이하,C,2017,
219,513,동양네트웍스,30790,B이하,B이하,B이하,B,2017,
220,512,동양물산기업,2900,B이하,B+,B이하,B,2017,
221,511,동양생명,82640,B이하,B이하,B이하,B+,2017,
222,510,동양철관,8970,B이하,B이하,B이하,C,2017,
223,509,동원,3580,B이하,B이하,B이하,C,2017,
224,508,동원F&B,49770,B이하,B+,A,C,2017,
225,507,동원금속,18500,B이하,B이하,B이하,B+,2017,
226,506,동원산업,6040,B+,B이하,A,B,2017,
227,505,동원수산,30720,B이하,B이하,B이하,B,2017,
228,504,동원시스템즈,14820,B이하,B+,A,C,2017,
229,503,동일고무벨트,163560,B이하,B이하,B이하,C,2017,
230,502,동일방직,1530,B이하,B이하,B이하,B,2017,
231,501,동일산업,4890,B이하,B+,B이하,B,2017,
232,500,동일제강,2690,B이하,B이하,B이하,B,2017,
233,499,동화약품,20,B이하,B이하,B+,B,2017,
234,498,두산,150,A,A,A+,A,2017,
235,497,두산건설,11160,A,A,A+,B+,2017,
236,496,두산밥캣,241560,B이하,B이하,B이하,A,2017,16년11월 상장
237,495,두산엔진,82740,A,A,A+,B+,2017,
238,494,두산인프라코어,42670,A,A+,A+,B+,2017,
239,493,두산중공업,34020,A,A,A,B+,2017,
240,492,두올,16740,B이하,B이하,B이하,B,2017,16년7월 상장
241,491,디씨엠,24090,B이하,B이하,B이하,B,2017,
242,490,디아이,3160,B이하,B이하,B이하,B,2017,
243,489,디아이씨,92200,B이하,B이하,B이하,C,2017,
244,488,디와이,13570,B이하,B이하,B이하,B,2017,
245,487,디와이파워,210540,B이하,B이하,B이하,B,2017,
246,486,디티알오토모티브,7340,B이하,B+,B이하,B,2017,
247,485,디피씨,26890,B이하,B이하,B이하,B,2017,
248,484,락앤락,115390,B이하,B이하,B이하,B+,2017,
249,483,롯데관광개발,32350,B이하,B이하,B이하,C,2017,
250,482,롯데손해보험,400,A,B이하,A,A,2017,
251,481,롯데쇼핑,23530,B+,A,A+,B,2017,
252,480,롯데정밀화학,4000,A,A,A+,A,2017,
253,479,롯데지주,4990,B+,A,A+,B,2017,
254,478,롯데칠성음료,5300,B+,A,B+,B,2017,
255,477,롯데케미칼,11170,A,A,A+,B+,2017,
256,476,롯데푸드,2270,B이하,A,A+,C,2017,
257,475,롯데하이마트,71840,B+,B이하,A+,A,2017,
258,474,마니커,27740,B이하,B이하,B이하,C,2017,
259,473,만도,204320,B이하,B+,B이하,B,2017,
260,472,만호제강,1080,B이하,B이하,B이하,B,2017,
261,471,메디플란트,15540,B이하,B이하,B이하,D,2017,
262,470,메리츠금융지주,138040,B+,B이하,B이하,A,2017,
263,469,메리츠종금증권,8560,B+,B이하,B+,A,2017,
264,468,메리츠화재,60,B+,B이하,B이하,A,2017,
265,467,명문제약,17180,B이하,B이하,B이하,B,2017,
266,466,모나리자,12690,B이하,B이하,B이하,C,2017,
267,465,모나미,5360,B이하,B이하,B이하,B,2017,
268,464,모토닉,9680,B이하,B이하,B이하,B,2017,
269,463,무림P&P,9580,B이하,B이하,B이하,D,2017,
270,462,무림페이퍼,9200,B이하,B+,B이하,B,2017,
271,461,무학,33920,B이하,B이하,B이하,B,2017,
272,460,문배철강,8420,B이하,B이하,B이하,B,2017,
273,459,미래산업,25560,B이하,B이하,B이하,B+,2017,
274,458,미래아이앤지,7120,B이하,B이하,B이하,C,2017,
275,457,미래에셋대우,6800,B+,B이하,B이하,A,2017,
276,456,미래에셋생명,85620,B+,B이하,B+,A,2017,
277,455,미원상사,2840,B이하,B이하,B이하,B,2017,
278,454,미원홀딩스,107590,B이하,B이하,B이하,B,2017,
279,453,미원화학,134380,B이하,B이하,B이하,C,2017,
280,452,미창석유공업,3650,B이하,B이하,B이하,B+,2017,
281,451,방림,3610,B이하,B+,B이하,B,2017,
282,450,백광산업,1340,B이하,B+,B이하,B,2017,
283,449,백광소재,14580,B이하,B이하,B이하,C,2017,
284,448,백산,35150,B이하,B이하,B이하,B,2017,
285,447,범양건영,2410,B이하,B이하,B이하,B,2017,
286,446,벽산,7210,B이하,B+,B이하,C,2017,
287,445,보락,2760,B이하,B이하,B이하,B,2017,
288,444,보령제약,3850,B이하,B이하,B이하,B+,2017,
289,443,보루네오가구,4740,B이하,B이하,B이하,C,2017,
290,442,보해양조,890,B이하,B이하,B이하,C,2017,
291,441,부광약품,3000,B이하,B이하,B이하,B,2017,
292,440,부국증권,1270,B이하,B이하,B이하,B+,2017,
293,439,부국철강,26940,B이하,B이하,B이하,B,2017,
294,438,부산도시가스,15350,B이하,B이하,B이하,B,2017,
295,437,부산산업,11390,B이하,B이하,B이하,B,2017,
296,436,부산주공,5030,B이하,B+,B이하,B,2017,
297,435,비상교육,100220,B이하,B이하,B+,B,2017,
298,434,빙그레,5180,B이하,B이하,B+,B,2017,
299,433,사조대림,3960,B이하,B이하,B이하,B,2017,
300,432,사조동아원,8040,B이하,B이하,B이하,B,2017,
301,431,사조산업,7160,B이하,B이하,B이하,C,2017,
302,430,사조씨푸드,14710,B이하,B이하,B이하,B+,2017,
303,429,사조오양,6090,B이하,B이하,B이하,B,2017,
304,428,사조해표,79660,B이하,B이하,B이하,B,2017,
305,427,삼광글라스,5090,B이하,B이하,B이하,D,2017,
306,426,삼성SDI,6400,B+,A,A+,B,2017,
307,425,삼성공조,6660,B이하,B이하,B이하,B,2017,
308,424,삼성물산,28260,A,A,A+,A,2017,
309,423,삼성바이오로직스,207940,B+,B+,B+,B+,2017,16년11월 상장
310,422,삼성생명,32830,A,A,A,A,2017,
311,421,삼성에스디에스,18260,B+,B+,B+,B+,2017,
312,420,삼성엔지니어링,28050,A,A,A+,B+,2017,
313,419,삼성전기,9150,A+,A+,A+,A,2017,
314,418,삼성전자,5930,B+,A,A,B,2017,
315,417,삼성제약,1360,B이하,B이하,B이하,C,2017,
316,416,삼성중공업,10140,B+,B+,B이하,B+,2017,
317,415,삼성증권,16360,B+,B이하,B+,A,2017,
318,414,삼성출판사,68290,B이하,B이하,B이하,B,2017,
319,413,삼성카드,29780,B+,B이하,B이하,A,2017,
320,412,삼성화재해상보험,810,A,A,A+,A,2017,
321,411,삼아알미늄,6110,B이하,B+,B이하,B,2017,
322,410,삼양사,145990,B이하,B이하,B+,B,2017,
323,409,삼양식품,3230,B이하,B이하,B+,B,2017,
324,408,삼양통상,2170,B이하,B이하,B이하,B,2017,
325,407,삼양홀딩스,70,B이하,B이하,B이하,B,2017,
326,406,삼영무역,2810,B이하,B이하,B이하,B,2017,
327,405,삼영전자공업,5680,B이하,B+,B이하,B,2017,
328,404,삼영화학공업,3720,B이하,B+,B이하,C,2017,
329,403,삼원강재,23000,B이하,B+,B이하,B,2017,
330,402,삼익THK,4380,B이하,B이하,B이하,B,2017,
331,401,삼익악기,2450,B이하,B이하,B이하,B,2017,
332,400,삼일제약,520,B이하,B이하,B이하,B,2017,
333,399,삼정펄프,9770,B이하,B이하,B이하,B,2017,
334,398,삼진제약,5500,B이하,B이하,B이하,B,2017,
335,397,삼천리,4690,B+,B+,B+,B,2017,
336,396,삼호,1880,B이하,B이하,B이하,B,2017,
337,395,삼호개발,10960,B이하,B이하,B이하,B,2017,
338,394,삼화왕관,4450,B이하,B이하,B이하,B,2017,
339,393,삼화전기,9470,B이하,B이하,B이하,B,2017,
340,392,삼화전자공업,11230,B이하,B이하,B이하,C,2017,
341,391,삼화콘덴서공업,1820,B이하,B이하,B이하,C,2017,
342,390,삼화페인트공업,390,B+,B+,B+,B+,2017,
343,389,상신브레이크,41650,B이하,B이하,B이하,B,2017,
344,388,새론오토모티브,75180,B이하,B+,B이하,C,2017,
345,387,샘표,7540,B이하,B이하,B이하,C,2017,
346,386,샘표식품,248170,B이하,B이하,B이하,C,2017,16년8월 상장
347,385,서연,7860,B이하,B이하,B이하,D,2017,
348,384,서연이화,200880,B+,B이하,B+,B+,2017,
349,383,서울도시가스,17390,B이하,B이하,B이하,B+,2017,
350,382,서울식품공업,4410,B이하,B이하,B이하,B,2017,
351,381,서원,21050,B이하,B+,B이하,B,2017,
352,380,서흥,8490,B이하,B이하,B이하,B,2017,
353,379,선도전기,7610,B이하,B이하,B이하,B,2017,
354,378,선진,136490,B이하,B이하,B이하,B+,2017,
355,377,선창산업,2820,B이하,B이하,B이하,B,2017,
356,376,성문전자,14910,B이하,B이하,B이하,B,2017,
357,375,성보화학,3080,B이하,B이하,B이하,C,2017,
358,374,성신양회,4980,B이하,B+,B이하,C,2017,
359,373,성안,11300,B이하,B이하,B이하,C,2017,
360,372,성지건설,5980,B이하,B이하,B이하,C,2017,
361,371,성창기업지주,180,B이하,B이하,B이하,C,2017,
362,370,세기상사,2420,B이하,B이하,B이하,B,2017,
363,369,세방,4360,B이하,B이하,B이하,B,2017,
364,368,세방전지,4490,B이하,B+,B이하,C,2017,
365,367,세아베스틸,1430,B이하,B+,B이하,C,2017,
366,366,세아제강,3030,B이하,B+,B이하,B,2017,
367,365,세아특수강,19440,B이하,B+,B이하,B,2017,
368,364,세아홀딩스,58650,B이하,B이하,B이하,C,2017,
369,363,세우글로벌,13000,B이하,B이하,B이하,B,2017,
370,362,세원셀론텍,91090,B이하,B이하,B이하,B,2017,
371,361,세원정공,21820,B이하,B이하,B이하,C,2017,
372,360,세이브존I&C,67830,B이하,B이하,B이하,B,2017,
373,359,세종공업,33530,B이하,B+,B이하,C,2017,
374,358,세진중공업,75580,B이하,B이하,B+,B+,2017,
375,357,세하,27970,B이하,B+,B이하,B,2017,
376,356,세화아이엠씨,145210,B이하,B이하,B이하,B+,2017,
377,355,송원산업,4430,B+,B+,B+,B,2017,
378,354,수산중공업,17550,B이하,B이하,B이하,B,2017,
379,353,신대양제지,16590,B이하,B이하,B이하,C,2017,
380,352,신도리코,29530,B+,B+,B이하,B+,2017,
381,351,신라교역,4970,B이하,B이하,B이하,C,2017,
382,350,신성이엔지,11930,B이하,B이하,B이하,B,2017,
383,349,신성통상,5390,B이하,B이하,B이하,B,2017,
384,348,신세계,4170,B+,B+,A+,B,2017,
385,347,신세계I&C,35510,B+,B이하,A,B,2017,
386,346,신세계건설,34300,B이하,B이하,B이하,B+,2017,
387,345,신세계인터내셔날,31430,B+,B이하,A,B,2017,
388,344,신세계푸드,31440,B+,B+,A,B,2017,
389,343,신송홀딩스,6880,B이하,B이하,B이하,B,2017,
390,342,신영와코루,5800,B이하,B이하,B이하,C,2017,
391,341,신영증권,1720,B+,B이하,B이하,A,2017,
392,340,신원,9270,B이하,B이하,B이하,B,2017,
393,339,신일산업,2700,B이하,B이하,B이하,C,2017,
394,338,신풍제약,19170,B이하,B이하,B이하,B,2017,
395,337,신풍제지,2870,B이하,B+,B이하,B,2017,
396,336,신한,5450,B이하,B이하,B이하,C,2017,
397,335,신한지주,55550,A+,A+,A,S,2017,
398,334,신화실업,1770,B이하,B이하,B이하,B,2017,
399,333,신흥,4080,B이하,B이하,B이하,B+,2017,
400,332,쌍방울,102280,B이하,B이하,B이하,C,2017,
401,331,쌍용양회공업,3410,B+,A,B이하,B+,2017,
402,330,쌍용자동차,3620,B+,B+,B이하,B+,2017,
403,329,써니전자,4770,B이하,B이하,B+,B,2017,
404,328,씨아이테크,4920,B이하,B이하,B이하,D,2017,
405,327,씨에스윈드,112610,B+,B이하,B이하,B+,2017,
406,326,아남전자,8700,B이하,B이하,B이하,B,2017,
407,325,아모레퍼시픽,90430,A,A,A,B+,2017,
408,324,아모레퍼시픽그룹,2790,B이하,B이하,A,B,2017,
409,323,아비스타,90370,B이하,B이하,B이하,B,2017,
410,322,아세아,2030,B이하,B이하,B이하,B,2017,
411,321,아세아시멘트,183190,B이하,B+,B이하,C,2017,
412,320,아세아제지,2310,B이하,B이하,B이하,B,2017,
413,319,아시아나항공,20560,B+,B+,A,B,2017,
414,318,아이마켓코리아,122900,B이하,B이하,B이하,B+,2017,
415,317,아이에스동서,10780,B이하,B이하,B이하,B,2017,
416,316,아이에이치큐,3560,B이하,B이하,B이하,B,2017,
417,315,아이콘트롤스,39570,B이하,B이하,B이하,B+,2017,
418,314,아주캐피탈,33660,B+,B이하,B이하,A,2017,
419,313,아티스,101140,B이하,B이하,B이하,B,2017,
420,312,알루코,1780,B이하,B이하,B이하,B,2017,
421,311,알보젠코리아,2250,B이하,B이하,B이하,B,2017,
422,310,애경유화,161000,B이하,B+,B이하,B,2017,
423,309,에넥스,11090,B이하,B이하,B+,C,2017,
424,308,에스엘,5850,B이하,B이하,B+,C,2017,
425,307,에스원,12750,B이하,B이하,B이하,C,2017,
426,306,에스제이엠,123700,B이하,B이하,B이하,B,2017,
427,305,에스제이엠홀딩스,25530,B이하,B이하,B이하,B+,2017,
428,304,에쓰씨엔지니어링,23960,B이하,B이하,B이하,B,2017,
429,303,에이블씨엔씨,78520,B이하,B이하,B이하,B+,2017,
430,302,에이엔피,15260,B이하,B이하,B이하,C,2017,
431,301,에이프로젠KIC,7460,B이하,B이하,B이하,C,2017,
432,300,에이프로젠제약,3060,B이하,B이하,B이하,C,2017,
433,299,엔씨소프트,36570,B이하,B이하,B이하,B,2017,
434,298,엔에스쇼핑,138250,B이하,B이하,B이하,B+,2017,
435,297,엔케이,85310,B이하,B이하,B이하,C,2017,
436,296,엔케이물산,9810,B이하,B이하,B이하,C,2017,
437,295,엔피씨,4250,B이하,B이하,B이하,B,2017,
438,294,영보화학,14440,B이하,B이하,B이하,C,2017,
439,293,영원무역,111770,B이하,B이하,B이하,B,2017,
440,292,영원무역홀딩스,9970,B이하,B이하,B이하,B,2017,
441,291,영진약품,3520,B이하,B이하,B+,C,2017,
442,290,영풍,670,B이하,B+,B이하,C,2017,
443,289,영풍제지,6740,B이하,B이하,B이하,C,2017,
444,288,영화금속,12280,B이하,B이하,B이하,B,2017,
445,287,영흥철강,12160,B+,B+,B+,B+,2017,
446,286,예스코,15360,B+,B이하,B+,A,2017,
447,285,오뚜기,7310,B이하,B이하,B+,D,2017,
448,284,오리엔트바이오,2630,B이하,B이하,B이하,C,2017,
449,283,오리온홀딩스,1800,B이하,B이하,B이하,C,2017,
450,282,와이비로드,10600,B이하,B이하,B이하,B,2017,
451,281,용평리조트,70960,B이하,B이하,B이하,B,2017,16년5월 상장
452,280,우리들제약,4720,B이하,B이하,B이하,D,2017,
453,279,우리들휴브레인,118000,B이하,B이하,B이하,C,2017,
454,278,우리종금,10050,B이하,B이하,B이하,B+,2017,
455,277,우성사료,6980,B이하,B이하,B이하,B,2017,
456,276,우신시스템,17370,B이하,B이하,B이하,C,2017,
457,275,우진,105840,B이하,B이하,B이하,B,2017,
458,274,우진플라임,49800,B이하,B이하,B이하,B,2017,
459,273,웅진,16880,B이하,B이하,B이하,B,2017,
460,272,웅진씽크빅,95720,B이하,B이하,B이하,C,2017,
461,271,웅진에너지,103130,B+,A,B이하,B,2017,
462,270,원림,5820,B이하,B이하,B이하,B,2017,
463,269,윌비스,8600,B이하,B이하,B이하,B+,2017,
464,268,유나이티드,33270,B이하,B이하,B이하,B,2017,
465,267,유니드,14830,B이하,B이하,B이하,B,2017,
466,266,유니온,910,B이하,B이하,B이하,B,2017,
467,265,유니온머티리얼,47400,B이하,B+,B이하,B,2017,
468,264,유니켐,11330,B+,B이하,B이하,B+,2017,
469,263,유니퀘스트,77500,B이하,B이하,B이하,B+,2017,
470,262,유성기업,2920,B이하,B+,B이하,B,2017,
471,261,유수홀딩스,700,B+,B이하,B+,B+,2017,
472,260,유안타증권,3470,B+,B이하,B이하,A,2017,
473,259,유양디앤유,11690,B이하,B이하,B이하,B,2017,
474,258,유엔젤,72130,B이하,B이하,B이하,B,2017,
475,257,유유제약,220,B이하,B이하,B이하,B,2017,
476,256,유진증권,1200,B+,B이하,B이하,A,2017,
477,255,유한양행,100,B이하,B+,B이하,B,2017,
478,254,유화증권,3460,B이하,B이하,B이하,B+,2017,
479,253,율촌화학,8730,B이하,B이하,B이하,B,2017,
480,252,이건산업,8250,B이하,B이하,B이하,B,2017,
481,251,이구산업,25820,B이하,B+,B이하,B,2017,
482,250,이노션,214320,B이하,B이하,B이하,B,2017,
483,249,이마트,139480,B+,B+,A,B+,2017,
484,248,이수페타시스,7660,B이하,B+,B+,C,2017,
485,247,이수화학,5950,B+,B+,B+,B,2017,
486,246,이스타코,15020,B이하,B이하,B이하,D,2017,
487,245,이아이디,93230,B이하,B이하,B이하,C,2017,
488,244,이연제약,102460,B이하,B이하,B이하,B+,2017,
489,243,이월드,84680,B이하,B이하,B이하,C,2017,
490,242,이화산업,760,B이하,B이하,B이하,C,2017,
491,241,인디에프,14990,B이하,B이하,B이하,B,2017,
492,240,인스코비,6490,B이하,B이하,B이하,C,2017,
493,239,인지컨트롤스,23800,B이하,B이하,B이하,C,2017,
494,238,인천도시가스,34590,B이하,B이하,B이하,B,2017,
495,237,인터지스,129260,B이하,B이하,B이하,B+,2017,
496,236,인팩,23810,B이하,B이하,B이하,B,2017,
497,235,일동제약,249420,B이하,B이하,B이하,B,2017,16년8월 상장
498,234,일동홀딩스,230,B이하,B이하,B이하,B,2017,
499,233,일성건설,13360,B이하,B이하,B이하,B,2017,
500,232,일성신약,3120,B이하,B이하,B이하,B,2017,
501,231,일신방직,3200,B이하,B이하,B이하,B+,2017,
502,230,일신석재,7110,B이하,B이하,B이하,B,2017,
503,229,일양약품,7570,B이하,B이하,B이하,B,2017,
504,228,일정실업,8500,B이하,B이하,B이하,C,2017,
505,227,일진다이아,81000,B이하,B이하,B이하,C,2017,
506,226,일진디스플,20760,B이하,B+,B이하,C,2017,
507,225,일진머티리얼즈,20150,B이하,B+,B이하,B,2017,
508,224,일진전기,103590,B이하,B이하,B이하,B,2017,
509,223,일진홀딩스,15860,B이하,B이하,B이하,B,2017,
510,222,잇츠한불,226320,B이하,B이하,B이하,B+,2017,
511,221,자화전자,33240,B이하,B이하,B이하,B,2017,
512,220,전방,950,B이하,B이하,B이하,B,2017,
513,219,제이에스코퍼레이션,194370,B이하,B이하,B이하,B+,2017,16년2월 상장
514,218,제이준코스메틱,25620,B이하,B이하,B이하,D,2017,
515,217,제일기획,30000,B이하,B이하,B이하,B,2017,
516,216,제일연마,1560,B이하,B이하,B이하,B+,2017,
517,215,제일파마홀딩스,2620,B이하,B이하,B이하,B,2017,
518,214,제주은행,6220,B+,B이하,B+,A,2017,
519,213,제주항공,89590,B이하,B이하,B이하,B+,2017,
520,212,조광페인트,4910,B이하,B이하,B이하,B,2017,
521,211,조광피혁,4700,B이하,B이하,B이하,B+,2017,
522,210,조비,1550,B이하,B이하,B이하,B,2017,
523,209,조선내화,480,B+,B+,B+,B,2017,
524,208,조선선재,120030,B이하,B이하,B이하,C,2017,
525,207,조일알미늄,18470,B이하,B+,B이하,B,2017,
526,206,조흥,2600,B이하,B이하,B이하,B,2017,
527,205,종근당,185750,B이하,B이하,B+,B+,2017,
528,204,종근당바이오,63160,B이하,B이하,B이하,B,2017,
529,203,종근당홀딩스,1630,B이하,B이하,B이하,B+,2017,
530,202,주연테크,44380,B이하,B이하,B이하,C,2017,
531,201,지엠비코리아,13870,B이하,B이하,B이하,B,2017,
532,200,지역난방공사,71320,A,A,A,B+,2017,
533,199,지코,10580,B이하,B이하,B이하,C,2017,
534,198,지투알,35000,B이하,B이하,B이하,B+,2017,
535,197,진도,88790,B이하,B이하,B이하,B,2017,
536,196,진양산업,3780,B이하,B이하,B이하,B,2017,
537,195,진양폴리우레탄,10640,B이하,B이하,B이하,C,2017,
538,194,진양홀딩스,100250,B이하,B이하,B이하,B,2017,
539,193,진양화학,51630,B이하,B이하,B이하,B,2017,
540,192,진원생명과학,11000,B이하,B이하,B이하,B,2017,
541,191,진흥기업,2780,B+,B+,B+,B,2017,
542,190,참엔지니어링,9310,B이하,B이하,B이하,B,2017,
543,189,천일고속,650,B이하,B이하,B이하,B+,2017,
544,188,청호컴넷,12600,B이하,B이하,B이하,B,2017,
545,187,체시스,33250,B이하,B이하,B이하,C,2017,
546,186,카프로,6380,B이하,B+,B이하,B,2017,
547,185,케이씨,29460,B+,B이하,B+,B+,2017,
548,184,케이씨씨,2380,B+,A,A,B,2017,
549,183,케이씨티시,9070,B이하,B이하,B+,C,2017,
550,182,케이티,30200,A,A+,B+,A,2017,
551,181,케이티스,58860,B이하,B이하,B이하,B+,2017,
552,180,케이티스카이라이프,53210,B이하,B이하,B이하,B+,2017,
553,179,케이티앤지,33780,A,B+,A+,A,2017,
554,178,코리아써키트,7810,B이하,B+,B이하,B,2017,
555,177,코리아오토글라스,152330,B이하,B+,B이하,B,2017,
556,176,코리안리,3690,B+,B이하,B이하,A,2017,
557,175,코스맥스,192820,B이하,B이하,B이하,B,2017,
558,174,코스맥스비티아이,44820,B이하,B이하,B이하,B,2017,
559,173,코스모신소재,5070,B이하,B+,B이하,C,2017,
560,172,코스모화학,5420,B이하,B+,B이하,B,2017,
561,171,코아스,71950,B이하,B이하,B이하,C,2017,
562,170,코오롱,2020,B이하,B이하,B+,B,2017,
563,169,코오롱글로벌,3070,B이하,B이하,B이하,B+,2017,
564,168,코오롱머티리얼,144620,B이하,B이하,B이하,B+,2017,
565,167,코오롱인더,120110,B이하,B+,B+,C,2017,
566,166,코오롱플라스틱,138490,B+,B+,B+,B+,2017,
567,165,코웨이,21240,B+,A,A+,B,2017,
568,164,콤텍시스템,31820,B이하,B이하,B이하,B,2017,
569,163,쿠쿠홀딩스,192400,B이하,B이하,B이하,B+,2017,
570,162,크라운해태홀딩스,5740,B이하,B이하,B+,B,2017,
571,161,키움증권,39490,B+,B이하,B이하,A,2017,
572,160,키위미디어그룹,12170,B이하,B이하,B이하,C,2017,
573,159,태경산업,15890,B이하,B이하,B이하,C,2017,
574,158,태경화학,6890,B이하,B이하,B이하,C,2017,
575,157,태광산업,3240,B이하,B이하,B이하,C,2017,
576,156,태림포장,11280,B이하,B이하,B이하,C,2017,
577,155,태양금속공업,4100,B이하,B+,B이하,B,2017,
578,154,태영건설,9410,B이하,B이하,B이하,B+,2017,
579,153,태원물산,1420,B이하,B이하,B이하,B,2017,
580,152,태평양물산,7980,B이하,B이하,B+,B+,2017,
581,151,텔코웨어,78000,B이하,B이하,B이하,B,2017,
582,150,토니모리,214420,B이하,B이하,B이하,B,2017,
583,149,티비에이치글로벌,84870,B이하,B이하,B이하,B,2017,
584,148,티에이치엔,19180,B이하,B이하,B이하,C,2017,
585,147,티웨이홀딩스,4870,B이하,B이하,B이하,C,2017,
586,146,팀스,134790,B이하,B이하,B이하,B,2017,
587,145,파미셀,5690,B이하,B이하,B이하,B,2017,
588,144,팜스코,36580,B이하,B이하,B이하,B+,2017,
589,143,팬오션,28670,B이하,B이하,B이하,B+,2017,
590,142,퍼스텍,10820,B이하,B이하,B이하,B,2017,
591,141,퍼시스,16800,B이하,B이하,B이하,B,2017,
592,140,페이퍼코리아,1020,B이하,B이하,B이하,C,2017,
593,139,평화산업,90080,B이하,B+,B이하,B,2017,
594,138,평화홀딩스,10770,B이하,B이하,B이하,B+,2017,
595,137,포스코,5490,A,A,A,A,2017,
596,136,포스코강판,58430,B+,B+,A,B+,2017,
597,135,포스코대우,47050,B+,B이하,A,B+,2017,
598,134,폴루스바이오팜,7630,B이하,B이하,B이하,C,2017,
599,133,풀무원,17810,A+,A,A,A+,2017,
600,132,풍산,103140,B+,B+,B이하,B+,2017,
601,131,풍산홀딩스,5810,B이하,B이하,B이하,B+,2017,
602,130,필룩스,33180,B이하,B이하,B+,C,2017,
603,129,하나금융지주,86790,A,B+,A,A,2017,
604,128,하나투어,39130,B이하,B이하,B이하,B+,2017,
605,127,하이스틸,71090,B이하,B이하,B이하,B,2017,
606,126,하이트론씨스템즈,19490,B이하,B이하,B이하,B,2017,
607,125,하이트진로,80,B+,B+,B+,B,2017,
608,124,하이트진로홀딩스,140,B이하,B이하,B이하,B+,2017,
609,123,한국가스공사,36460,B+,A,B+,B+,2017,
610,122,한국공항,5430,B이하,B이하,B이하,C,2017,
611,121,한국금융지주,71050,B이하,B이하,B이하,A,2017,
612,120,한국내화,10040,B이하,B이하,B이하,C,2017,
613,119,한국단자공업,25540,B이하,B이하,B이하,B+,2017,
614,118,한국석유공업,4090,B이하,B이하,B이하,B,2017,
615,117,한국수출포장공업,2200,B이하,B+,B이하,B,2017,
616,116,한국쉘석유,2960,B이하,B이하,B이하,B+,2017,
617,115,한국유리공업,2000,B이하,B+,B이하,C,2017,
618,114,한국자산신탁,123890,B이하,B이하,B이하,B+,2017,16년7월 상장
619,113,한국전력공사,15760,B+,B+,A,B+,2017,
620,112,한국전자홀딩스,6200,B이하,B이하,B이하,C,2017,
621,111,한국제지,2300,B+,B+,B+,B,2017,
622,110,한국종합기술,23350,B이하,B이하,B이하,B+,2017,
623,109,한국주강,25890,B이하,B이하,B이하,C,2017,
624,108,한국주철관공업,970,B이하,B이하,B이하,B,2017,
625,107,한국철강,104700,B+,B+,B+,B,2017,
626,106,한국카본,17960,B이하,B이하,B이하,C,2017,
627,105,한국콜마,161890,B이하,B이하,B이하,B,2017,
628,104,한국콜마홀딩스,24720,B이하,B이하,B이하,C,2017,
629,103,한국타이어,161390,B+,A,B이하,B+,2017,
630,102,한국타이어월드와이드,240,B+,B이하,A,B+,2017,
631,101,한국토지신탁,34830,B이하,B이하,B+,B+,2017,16년7월 상장
632,100,한국프랜지공업,10100,B이하,B+,B이하,B,2017,
633,99,한국항공우주,47810,B이하,B+,B이하,B,2017,
634,98,한국화장품,123690,B이하,B이하,B이하,B,2017,
635,97,한국화장품제조,3350,B이하,B이하,B이하,B,2017,
636,96,한농화성,11500,B이하,B이하,B이하,B,2017,
637,95,한독,2390,B+,B+,B이하,B+,2017,
638,94,한라,14790,B이하,B이하,B이하,B,2017,
639,93,한라홀딩스,60980,B이하,B이하,B이하,B,2017,
640,92,한미글로벌,53690,B이하,B이하,B이하,B,2017,
641,91,한미반도체,42700,B이하,B이하,B이하,B,2017,
642,90,한미사이언스,8930,B이하,B이하,B이하,D,2017,
643,89,한미약품,128940,B이하,B이하,B+,C,2017,
644,88,한샘,9240,B이하,B이하,B이하,C,2017,
645,87,한섬,20000,B이하,B이하,B이하,B,2017,
646,86,한성기업,3680,B이하,B이하,B이하,C,2017,
647,85,한세실업,105630,B이하,B이하,B이하,B+,2017,
648,84,한세엠케이,69640,B이하,B이하,B이하,B,2017,
649,83,한세예스24홀딩스,16450,B이하,B이하,B이하,C,2017,
650,82,한솔로지스틱스,9180,B이하,B이하,B이하,B,2017,
651,81,한솔제지,213500,A,A,A,B+,2017,
652,80,한솔케미칼,14680,B+,B+,B이하,B+,2017,
653,79,한솔테크닉스,4710,B+,B+,B이하,B+,2017,
654,78,한솔피엔에스,10420,B이하,B이하,B이하,B,2017,
655,77,한솔홀딩스,4150,B이하,B이하,B이하,B,2017,
656,76,한솔홈데코,25750,B+,B+,B+,B,2017,
657,75,한신공영,4960,B이하,B이하,B이하,C,2017,
658,74,한신기계공업,11700,B이하,B이하,B이하,B,2017,
659,73,한양증권,1750,B이하,B이하,B이하,B+,2017,
660,72,한온시스템,18880,B이하,B+,B이하,B,2017,
661,71,한올바이오파마,9420,B이하,B이하,B이하,B+,2017,
662,70,한익스프레스,14130,B이하,B이하,B이하,B,2017,
663,69,한일시멘트,3300,B이하,B+,B이하,B,2017,
664,68,한일철강,2220,B이하,B이하,B이하,C,2017,
665,67,한전KPS,51600,B+,B+,B+,B,2017,
666,66,한전기술,52690,B+,A,B+,B,2017,
667,65,한전산업,130660,B이하,B이하,B+,B,2017,
668,64,한진,2320,B이하,B이하,B이하,B,2017,
669,63,한진중공업,97230,B이하,B+,B이하,C,2017,
670,62,한진중공업홀딩스,3480,B이하,B이하,B이하,B+,2017,
671,61,한진칼,180640,B이하,B이하,B이하,C,2017,
672,60,한창,5110,B이하,B이하,B이하,C,2017,
673,59,한창제지,9460,B이하,B이하,B이하,C,2017,
674,58,한화,880,A,A,A+,A,2017,
675,57,한화갤러리아타임월드,27390,B이하,B+,B이하,B,2017,
676,56,한화생명,88350,B+,B이하,A,B+,2017,
677,55,한화손해보험,370,B+,B이하,B이하,A,2017,
678,54,한화케미칼,9830,B이하,B+,B이하,C,2017,
679,53,한화테크윈,12450,B+,A,B+,B+,2017,
680,52,한화투자증권,3530,B+,B이하,B+,A,2017,
681,51,해성디에스,195870,A,A,A,B+,2017,16년6월 상장
682,50,해태제과식품,101530,B이하,B이하,B이하,B,2017,16년5월 상장
683,49,핸즈코퍼레이션,143210,B이하,B+,B이하,B+,2017,16년12월 상장
684,48,현대EP,89470,B이하,B+,B이하,B,2017,
685,47,현대건설,720,B이하,B+,B+,D,2017,
686,46,현대그린푸드,5440,B+,B+,B이하,B+,2017,
687,45,현대글로비스,86280,B+,B+,B+,B+,2017,
688,44,현대로템,64350,B+,B+,B+,B+,2017,
689,43,현대리바트,79430,B+,B이하,B+,B+,2017,
690,42,현대모비스,12330,B이하,A,A,C,2017,
691,41,현대미포조선,10620,B+,A,B이하,B+,2017,
692,40,현대백화점,69960,B+,B이하,B+,B+,2017,
693,39,현대비앤지스틸,4560,B이하,B+,B+,C,2017,
694,38,현대산업개발,12630,B+,B이하,B+,B+,2017,
695,37,현대상선,11200,B+,B이하,B+,B+,2017,
696,36,현대시멘트,6390,B이하,B+,B이하,C,2017,
697,35,현대약품,4310,B+,B이하,B+,B+,2017,
698,34,현대에이치씨엔,126560,B+,B이하,B+,B+,2017,
699,33,현대엘리베이터,17800,A,A,A,B+,2017,
700,32,현대위아,11210,B이하,B+,B이하,B,2017,
701,31,현대자동차,5380,B+,B+,B+,B,2017,
702,30,현대제철,4020,B이하,B+,B이하,B,2017,
703,29,현대종합상사,11760,B이하,B이하,B이하,B,2017,
704,28,현대중공업,9540,B+,A,B이하,B+,2017,
705,27,현대차투자증권,1500,B이하,B이하,B이하,A,2017,
706,26,현대코퍼레이션홀딩스,227840,B이하,B이하,B이하,B,2017,
707,25,현대해상,1450,A,B+,A,A,2017,
708,24,현대홈쇼핑,57050,B+,B이하,B이하,A,2017,
709,23,형지엘리트,93240,B이하,B이하,B이하,C,2017,
710,22,혜인,3010,B이하,B이하,B이하,B,2017,
711,21,호텔신라,8770,B+,B이하,B+,B+,2017,
712,20,화성산업,2460,B이하,B이하,B이하,B+,2017,
713,19,화승알앤에이,13520,B+,B+,B+,B+,2017,
714,18,화승엔터프라이즈,241590,B이하,B이하,B이하,B,2017,16년10월 상장
715,17,화승인더스트리,6060,B이하,B+,B이하,B,2017,
716,16,화신,10690,B이하,B이하,B이하,D,2017,
717,15,화인베스틸,133820,B이하,B+,B이하,B,2017,
718,14,화천기계,10660,B이하,B이하,B이하,B,2017,
719,13,화천기공,850,B이하,B이하,B이하,B,2017,
720,12,환인제약,16580,B이하,B이하,B이하,B+,2017,
721,11,황금에스티,32560,B이하,B이하,B이하,B,2017,
722,10,효성,4800,B이하,B+,A,D,2017,
723,9,효성 ITX,94280,B이하,B이하,B이하,B+,2017,
724,8,후성,93370,B이하,B+,B이하,C,2017,
725,7,휠라코리아,81660,B이하,B이하,B이하,B,2017,
726,6,휴니드테크놀러지스,5870,B이하,B이하,B이하,B,2017,
727,5,휴비스,79980,B+,B+,A,B,2017,
728,4,휴스틸,5010,B이하,B이하,B이하,B,2017,
729,3,휴켐스,69260,B+,B+,B+,B,2017,
730,2,흥국화재,540,B+,B이하,B이하,A,2017,
731,1,흥아해운,3280,B이하,B이하,B이하,B,2017,
0,757,AJ네트웍스,95570,B이하,B이하,B이하,C,2018,
1,756,AJ렌터카,68400,B이하,B+,B이하,B,2018,
2,755,AK홀딩스,6840,B이하,B이하,B이하,C,2018,
3,754,BGF,27410,,,,B,2018,
4,753,BNK금융지주,138930,B+,B이하,B+,B+,2018,금융회사
5,752,BYC,1460,B이하,B이하,B이하,B+,2018,
6,751,CJ,1040,A,B이하,A+,A,2018,
7,750,CJ CGV,79160,B+,B이하,B+,A,2018,
8,749,CJ대한통운,120,B+,A,B+,B+,2018,
9,748,CJ씨푸드,11150,B이하,B이하,B+,B,2018,
10,747,CJ제일제당,97950,A,A,A+,B+,2018,
11,746,CJ헬로,37560,B+,B이하,B+,A,2018,
12,745,CS홀딩스,590,B이하,B이하,B이하,B,2018,
13,744,DB,12030,B이하,B이하,B이하,B,2018,
14,743,DB금융투자,16610,B이하,B이하,B이하,B,2018,금융회사
15,742,DB생명보험,818158,,,,B+이하,2018,금융회사
16,741,DB손해보험,5830,B+,A,A,B+이하,2018,금융회사
17,740,DB하이텍,990,B+,B+,B+,B,2018,
18,739,DGB금융지주,139130,B+,A,B+,B+,2018,금융회사
19,738,DGB생명보험,813363,,,,A,2018,금융회사
20,737,DRB동일,4840,B이하,B이하,B이하,C,2018,
21,736,DSR,155660,B이하,B이하,B이하,C,2018,
22,735,DSR제강,69730,B이하,B이하,B이하,C,2018,
23,734,E1,17940,B이하,B이하,B+,B,2018,
24,733,F&F,7700,B이하,B이하,B이하,C,2018,
25,732,GKL,114090,B이하,B이하,B+,B,2018,
26,731,GS,78930,B이하,B이하,B이하,B+,2018,
27,730,GS건설,6360,B+,A,B+,B+,2018,
28,729,GS글로벌,1250,B이하,B이하,B이하,B+,2018,
29,728,GS리테일,7070,B이하,B이하,B+,B+,2018,
30,727,HDC,12630,B+,B이하,B+,B+,2018,
31,726,HDC아이콘트롤스,39570,B이하,B이하,B이하,C,2018,
32,725,HDC현대EP,89470,B이하,B+,B이하,C,2018,
33,724,HSD엔진,82740,A,A,A,A,2018,
34,723,JB금융지주,175330,B+,B이하,A,B+,2018,금융회사
35,722,JW생명과학,234080,B+,B+,B+,B,2018,
36,721,JW중외제약,1060,B+,B이하,B+,B+,2018,
37,720,JW홀딩스,96760,B이하,B이하,B+,B,2018,
38,719,KB금융,105560,A+,A+,A,A+,2018,금융회사
39,718,KC그린홀딩스,9440,B이하,B이하,B이하,B,2018,
40,717,KC코트렐,119650,B이하,B이하,B이하,B,2018,
41,716,KEC,92220,B이하,B+,B이하,B,2018,
42,715,KG케미칼,1390,B이하,B이하,B이하,D,2018,
43,714,KISCO홀딩스,1940,B이하,B이하,B이하,B+,2018,
44,713,KPX케미칼,25000,B이하,B이하,B이하,B,2018,
45,712,KPX홀딩스,92230,B이하,B이하,B이하,B,2018,
46,711,KR모터스,40,B이하,B이하,B이하,C,2018,
47,710,KSS해운,44450,B이하,B이하,B+,B,2018,
48,709,KTB투자증권,30210,B이하,B이하,B이하,C,2018,금융회사
49,708,KTcs,58850,B이하,B이하,B+,B+,2018,
50,707,LF,93050,B이하,B이하,B이하,B,2018,
51,706,LG,3550,B+,B+,A,B+,2018,
52,705,LG디스플레이,34220,A,A,A+,B+,2018,
53,704,LG상사,1120,B+,B+,A,B+,2018,
54,703,LG생활건강,51900,A,A,A+,B+,2018,
55,702,LG유플러스,32640,B+,A,B+,B+,2018,
56,701,LG이노텍,11070,A,A,A+,B+,2018,
57,700,LG전자,66570,B+,A,A,B,2018,
58,699,LG하우시스,108670,A,A,A+,B+,2018,
59,698,LG화학,51910,A,A,A+,B+,2018,
60,697,LIG넥스원,79550,B+,B+,B+,B+,2018,
61,696,LS,6260,B이하,B이하,B+,D,2018,
62,695,LS네트웍스,680,B이하,B이하,B이하,B,2018,
63,694,LS산전,10120,B+,A,A,B,2018,
64,693,LS전선아시아,229640,B이하,B이하,B이하,B,2018,
65,692,MH에탄올,23150,B이하,B이하,B이하,C,2018,
66,691,NAVER,35420,B+,B이하,B+,B+,2018,
67,690,NHN엔터테인먼트,181710,B이하,B이하,B이하,B+,2018,
68,689,NH농협손해보험,839719,,,,B+이하,2018,금융회사
69,688,NH투자증권,5940,B+,B이하,A,B+이하,2018,금융회사
70,687,NICE,34310,B이하,B이하,B이하,B,2018,
71,686,NI스틸,8260,B이하,B이하,B이하,D,2018,
72,685,OCI,10060,A,B+,A+,B+,2018,
73,684,S&TC,100840,B이하,B이하,B이하,B,2018,
74,683,S&T모티브,64960,B이하,B+,B이하,B,2018,
75,682,S&T중공업,3570,B이하,B+,B이하,B,2018,
76,681,S&T홀딩스,36530,B이하,B이하,B이하,B,2018,
77,680,S-Oil,10950,A,A,A,A+,2018,
78,679,SBS,34120,B이하,B이하,B이하,B,2018,
79,678,SBS미디어홀딩스,101060,B이하,B이하,B+,B,2018,
80,677,SG세계물산,4060,B이하,B이하,B이하,C,2018,
81,676,SG충방,1380,B이하,B이하,B이하,C,2018,
82,675,SH에너지화학,2360,B이하,B이하,B이하,B+,2018,
83,674,SIMPAC,9160,B이하,B이하,B이하,B,2018,
84,673,SK,34730,A+,A,A+,A+,2018,
85,672,SKC,11790,B+,B+,A,B+,2018,
86,671,SK가스,18670,B+,B이하,A,B+,2018,
87,670,SK네트웍스,1740,A,B+,A+,B+,2018,
88,669,SK디스커버리,6120,,,,B+,2018,
89,668,SK디앤디,210980,B이하,B이하,B이하,C,2018,
90,667,SK이노베이션,96770,A,B+,A+,A,2018,
91,666,SK증권,1510,B이하,B이하,B이하,B+,2018,금융회사
92,665,SK텔레콤,17670,A+,A,A,A+,2018,
93,664,SK하이닉스,660,A,B+,A+,B+,2018,
94,663,SPC삼립,5610,B+,B이하,B+,B+,2018,
95,662,STX,11810,B이하,B이하,B이하,B,2018,
96,661,STX엔진,77970,B이하,B+,B이하,B,2018,
97,660,TCC동양,2710,B이하,B이하,B이하,C,2018,
98,659,WISCOM,24070,B이하,B이하,B이하,B,2018,
99,658,YG PLUS,37270,B이하,B이하,B이하,C,2018,
100,657,가온전선,500,B+,B+,B+,B,2018,
101,656,강남제비스코,860,B이하,B이하,B이하,B,2018,
102,655,강원랜드,35250,B이하,A,B이하,C,2018,
103,654,갤럭시아에스엠,11420,B이하,B이하,B이하,C,2018,
104,653,경농,2100,B이하,B이하,B이하,C,2018,
105,652,경동나비엔,9450,B+,B+,A,B,2018,
106,651,경동인베스트,12320,B이하,B이하,B이하,C,2018,
107,650,경방,50,B이하,B이하,B이하,C,2018,
108,649,경보제약,214390,B이하,B이하,B이하,B,2018,
109,648,경인양행,12610,B이하,B이하,B이하,C,2018,
110,647,경인전자,9140,B이하,B이하,B이하,C,2018,
111,646,계룡건설산업,13580,B이하,B이하,B+,B,2018,
112,645,계양전기,12200,B이하,B이하,B이하,B,2018,
113,644,고려개발,4200,B이하,B이하,B+,B,2018,
114,643,고려산업,2140,B이하,B이하,B이하,B,2018,
115,642,고려아연,10130,B이하,B+,B이하,C,2018,
116,641,고려제강,2240,B이하,B+,B+,C,2018,
117,640,골든브릿지증권,1290,B이하,B이하,B이하,D,2018,금융회사
118,639,광동제약,9290,B이하,B이하,B+,B,2018,
119,638,광명전기,17040,B이하,B이하,B이하,D,2018,
120,637,광전자,17900,B이하,B이하,B이하,B,2018,
121,636,광주신세계,37710,B이하,B이하,B이하,B+,2018,
122,635,광주은행,192530,B이하,B이하,B+,B+,2018,금융회사
123,634,교보생명보험,811097,,,,B+이하,2018,금융회사
124,633,교보증권,30610,B이하,B이하,B이하,B+,2018,금융회사
125,632,국도화학,7690,B이하,B+,B이하,C,2018,
126,631,국동,5320,B이하,B이하,B이하,B,2018,
127,630,국보,1140,B이하,B이하,B이하,C,2018,
128,629,국제약품,2720,B이하,B이하,B이하,B,2018,
129,628,그린케미칼,83420,B이하,B+,B이하,B,2018,
130,627,극동유화,14530,B이하,B이하,B이하,B,2018,
131,626,금강공업,14280,B이하,B이하,B이하,C,2018,
132,625,금비,8870,B이하,B이하,B이하,C,2018,
133,624,금양,1570,B이하,B이하,B이하,C,2018,
134,623,금호산업,2990,B이하,B이하,B이하,B,2018,
135,622,금호석유화학,11780,B이하,A,B+,C,2018,
136,621,금호에이치티,214330,B이하,B이하,B이하,C,2018,
137,620,금호전기,1210,B이하,B이하,B이하,C,2018,
138,619,금호타이어,73240,B+,B+,B+,B+,2018,
139,618,기신정기,92440,B이하,B이하,B이하,B,2018,
140,617,기아자동차,270,B이하,A,A,C,2018,
141,616,기업은행,24110,B+,B이하,B+,A,2018,금융회사
142,615,까뮤이앤씨,13700,B이하,B이하,B이하,B,2018,
143,614,깨끗한나라,4540,B이하,B+,B이하,B,2018,
144,613,나노메딕스,74610,B이하,B이하,B이하,C,2018,
145,612,남광토건,1260,B이하,B이하,B이하,B,2018,
146,611,남선알미늄,8350,B이하,B이하,B이하,C,2018,
147,610,남성,4270,B이하,B이하,B이하,C,2018,
148,609,남양유업,3920,B이하,B이하,B이하,C,2018,
149,608,남영비비안,2070,B이하,B이하,B이하,C,2018,
150,607,남해화학,25860,B이하,B+,B이하,C,2018,
151,606,넥센,5720,B이하,B+,B이하,B,2018,
152,605,넥센타이어,2350,B이하,B+,B이하,B,2018,
153,604,노루페인트,90350,B이하,B이하,B이하,B,2018,
154,603,노루홀딩스,320,B이하,B이하,B이하,B,2018,
155,602,녹십자,6280,B+,B+,B+,B,2018,
156,601,녹십자홀딩스,5250,B이하,B이하,B+,C,2018,
157,600,농심,4370,B이하,B+,B+,C,2018,
158,599,농심홀딩스,72710,B이하,B이하,B이하,C,2018,
159,598,농협금융지주,839683,,,,A,2018,금융회사
160,597,농협생명보험,839723,,,,B+이하,2018,금융회사
161,596,다스코,58730,B이하,B이하,B이하,B+,2018,
162,595,다우기술,23590,B이하,B이하,B+,C,2018,
163,594,대교,19680,B이하,B이하,B이하,B+,2018,
164,593,대구백화점,6370,B이하,B이하,B이하,B+,2018,
165,592,대덕GDS,4130,B+,B+,B+,B,2018,
166,591,대덕전자,8060,B+,B+,B+,B,2018,
167,590,대동공업,490,B이하,B이하,B이하,C,2018,
168,589,대동전자,8110,B이하,B이하,B이하,C,2018,
169,588,대림비앤코,5750,B이하,B이하,B이하,B,2018,
170,587,대림산업,210,B이하,B+,B이하,B+,2018,
171,586,대림씨엔에스,4440,B이하,B이하,B+,B,2018,
172,585,대림통상,6570,B이하,B이하,B이하,B,2018,
173,584,대상,1680,B이하,B이하,B+,B,2018,
174,583,대상홀딩스,84690,B이하,B이하,B이하,B,2018,
175,582,대성산업,128820,B이하,B이하,B이하,C,2018,
176,581,대성에너지,117580,B이하,B이하,B이하,C,2018,
177,580,대성홀딩스,16710,B이하,B이하,B이하,B+,2018,
178,579,대신증권,3540,B이하,B이하,B+,B+,2018,금융회사
179,578,대양금속,9190,B이하,B+,B이하,B,2018,
180,577,대영포장,14160,B이하,B이하,B이하,C,2018,
181,576,대우건설,47040,B+,A,A+,B,2018,
182,575,대우부품,9320,B이하,B이하,B이하,B,2018,
183,574,대우조선해양,42660,B이하,B+,B이하,B+,2018,
184,573,대웅,3090,B이하,B이하,B이하,C,2018,
185,572,대웅제약,69620,B이하,B이하,B+,C,2018,
186,571,대원강업,430,B+,B+,B+,B,2018,
187,570,대원전선,6340,B이하,B이하,B이하,C,2018,
188,569,대원제약,3220,B이하,B이하,B+,B+,2018,
189,568,대원화성,24890,B이하,B+,B이하,C,2018,
190,567,대유에이텍,2880,B이하,B이하,B이하,C,2018,
191,566,대유플러스,300,B이하,B이하,B이하,C,2018,
192,565,대창,12800,B이하,B+,B이하,B,2018,
193,564,대창단조,15230,B이하,B+,B이하,B,2018,
194,563,대한방직,1070,B이하,B이하,B이하,C,2018,
195,562,대한유화,6650,B이하,B이하,B이하,C,2018,
196,561,대한전선,1440,B이하,B+,B이하,B,2018,
197,560,대한제강,84010,B이하,B+,B이하,B,2018,
198,559,대한제당,1790,B이하,B이하,B이하,B,2018,
199,558,대한제분,1130,B이하,B이하,B이하,C,2018,
200,557,대한항공,3490,B이하,B+,B이하,B,2018,
201,556,대한해운,5880,B이하,B이하,B이하,C,2018,
202,555,대한화섬,3830,B이하,B이하,B이하,B,2018,
203,554,대현,16090,B이하,B이하,B이하,B,2018,
204,553,대호에이엘,69460,B이하,B+,B이하,D,2018,
205,552,더존비즈온,12510,B이하,B이하,B이하,B,2018,
206,551,덕성,4830,B이하,B이하,B이하,C,2018,
207,550,덕양산업,24900,B이하,B이하,B이하,C,2018,
208,549,도화엔지니어링,2150,B+,B이하,B이하,B+,2018,
209,548,동국실업,1620,B이하,B이하,B이하,C,2018,
210,547,동국제강,1230,B이하,B+,B이하,B,2018,
211,546,동남합성,23450,B이하,B이하,B이하,C,2018,
212,545,동방,4140,B이하,B이하,B이하,C,2018,
213,544,동방아그로,7590,B이하,B이하,B이하,C,2018,
214,543,동부제철,16380,B이하,B+,B이하,B,2018,
215,542,동서,26960,B이하,B이하,B이하,B,2018,
216,541,동성제약,2210,B이하,B이하,B이하,C,2018,
217,540,동성코퍼레이션,102260,B이하,B+,B+,B,2018,
218,539,동성화학,5190,B이하,B이하,B+,B,2018,
219,538,동아쏘시오홀딩스,640,B이하,B이하,B+,C,2018,
220,537,동아에스티,170900,B이하,B이하,A,B,2018,
221,536,동아지질,28100,B이하,B이하,B이하,B,2018,
222,535,동양,1520,B이하,B이하,B이하,B,2018,
223,534,동양고속,84670,B이하,B이하,B이하,B,2018,
224,533,동양네트웍스,30790,B이하,B이하,B이하,B,2018,
225,532,동양물산기업,2900,B이하,B이하,B이하,C,2018,
226,531,동양생명,82640,B이하,B이하,B+,B+,2018,금융회사
227,530,동양철관,8970,B이하,B이하,B이하,D,2018,
228,529,동원,3580,B이하,B이하,B이하,C,2018,
229,528,동원F&B,49770,B이하,B이하,B이하,D,2018,
230,527,동원금속,18500,B이하,B이하,B이하,B+,2018,
231,526,동원산업,6040,B이하,B이하,B이하,C,2018,
232,525,동원수산,30720,B이하,B이하,B이하,B,2018,
233,524,동원시스템즈,14820,B이하,B이하,B+,C,2018,
234,523,동일고무벨트,163560,B이하,B이하,B이하,C,2018,
235,522,동일방직,1530,B이하,B이하,B이하,B,2018,
236,521,동일산업,4890,B이하,B+,B이하,C,2018,
237,520,동일제강,2690,B이하,B이하,B이하,B,2018,
238,519,동화약품,20,B이하,B이하,B+,B,2018,
239,518,두산,150,A+,A+,A+,A,2018,
240,517,두산건설,11160,A,A,A+,B+,2018,
241,516,두산밥캣,241560,B이하,B이하,B이하,A,2018,
242,515,두산인프라코어,42670,A,A+,A,A,2018,
243,514,두산중공업,34020,A,A,A+,A,2018,
244,513,두올,16740,B이하,B이하,B이하,B,2018,
245,512,디씨엠,24090,B이하,B이하,B이하,B,2018,
246,511,디아이,3160,B이하,B이하,B이하,B,2018,
247,510,디아이씨,92200,B이하,B이하,B이하,C,2018,
248,509,디와이,13570,B이하,B이하,B이하,B,2018,
249,508,디와이파워,210540,B이하,B이하,B이하,B,2018,
250,507,디티알오토모티브,7340,B이하,B+,B이하,B,2018,
251,506,디피씨,26890,B이하,B이하,B이하,B,2018,
252,505,락앤락,115390,B이하,B이하,B이하,B+,2018,
253,504,롯데관광개발,32350,B이하,B이하,B이하,B,2018,
254,503,롯데손해보험,400,A,B이하,A+,A,2018,금융회사
255,502,롯데쇼핑,23530,A,A,A+,B+,2018,
256,501,롯데정밀화학,4000,A,A,A+,B+,2018,
257,500,롯데지주,4990,,,,B+,2018,
258,499,롯데칠성음료,5300,B+,B+,A,B,2018,
259,498,롯데카드,854231,,,,B+이하,2018,금융회사
260,497,롯데케미칼,11170,A,B+,A+,A,2018,
261,496,롯데푸드,2270,A,B+,A+,B+,2018,
262,495,롯데하이마트,71840,A,B이하,A,A,2018,
263,494,마니커,27740,B이하,B이하,B이하,C,2018,
264,493,만도,204320,B+,B+,B+,B+,2018,
265,492,만호제강,1080,B이하,B이하,B이하,B,2018,
266,491,메디플란트,15540,B이하,B이하,B이하,C,2018,
267,490,메리츠금융지주,138040,B+,B이하,B이하,A,2018,금융회사
268,489,메리츠종금증권,8560,B+,B이하,B+,A,2018,금융회사
269,488,메리츠화재,60,B+,B이하,B이하,A,2018,금융회사
270,487,메타랩스,90370,B이하,B이하,B이하,C,2018,
271,486,메트라이프생명보험,832969,,,,B+이하,2018,금융회사
272,485,명문제약,17180,B이하,B이하,B+,B,2018,
273,484,모나리자,12690,B이하,B이하,B이하,C,2018,
274,483,모나미,5360,B이하,B이하,B이하,B,2018,
275,482,모토닉,9680,B이하,B이하,B이하,B,2018,
276,481,무림P&P,9580,B이하,B+,B이하,B,2018,
277,480,무림페이퍼,9200,B이하,B+,B이하,B,2018,
278,479,무학,33920,B이하,B이하,B이하,B,2018,
279,478,문배철강,8420,B이하,B이하,B이하,B,2018,
280,477,미래산업,25560,B이하,B이하,B이하,B,2018,
281,476,미래아이앤지,7120,B이하,B이하,B이하,C,2018,
282,475,미래에셋대우,6800,B이하,B이하,B+,B+이하,2018,금융회사
283,474,미래에셋생명,85620,B이하,B이하,B+,B,2018,금융회사
284,473,미원상사,2840,B이하,B이하,B이하,B+,2018,
285,472,미원홀딩스,107590,B이하,B이하,B이하,B,2018,
286,471,미원화학,134380,B이하,B이하,B이하,C,2018,
287,470,미창석유공업,3650,B이하,B이하,B이하,B,2018,
288,469,방림,3610,B이하,B+,B이하,B,2018,
289,468,백광산업,1340,B이하,B+,B이하,C,2018,
290,467,백광소재,14580,B이하,B이하,B이하,C,2018,
291,466,백산,35150,B이하,B이하,B이하,C,2018,
292,465,범양건영,2410,B이하,B이하,B이하,C,2018,
293,464,벽산,7210,B이하,B+,B이하,C,2018,
294,463,보락,2760,B이하,B이하,B이하,B,2018,
295,462,보령제약,3850,B이하,B이하,B이하,C,2018,
296,461,보해양조,890,B이하,B이하,B이하,B,2018,
297,460,부광약품,3000,B이하,B이하,B이하,B,2018,
298,459,부국증권,1270,B이하,B이하,B이하,C,2018,금융회사
299,458,부국철강,26940,B이하,B이하,B이하,B,2018,
300,457,부산도시가스,15350,B이하,B이하,A,B,2018,
301,456,부산산업,11390,B이하,B이하,B이하,C,2018,
302,455,부산주공,5030,B이하,B이하,B이하,C,2018,
303,454,비상교육,100220,B이하,B이하,B이하,B,2018,
304,453,빙그레,5180,B+,B+,A,B+,2018,
305,452,사조대림,3960,B이하,B이하,B이하,C,2018,
306,451,사조동아원,8040,B이하,B이하,B이하,B,2018,
307,450,사조산업,7160,B이하,B이하,B이하,C,2018,
308,449,사조씨푸드,14710,B이하,B이하,B이하,B,2018,
309,448,사조오양,6090,B이하,B이하,B이하,B,2018,
310,447,사조해표,79660,B이하,B이하,B이하,C,2018,
311,446,삼광글라스,5090,B이하,B이하,B이하,C,2018,
312,445,삼성SDI,6400,A,A,A,B+,2018,
313,444,삼성공조,6660,B이하,B이하,B이하,B,2018,
314,443,삼성물산,28260,A,A+,A,A,2018,
315,442,삼성바이오로직스,207940,B+,B이하,A,B,2018,
316,441,삼성생명,32830,B+,A,B+,B+이하,2018,금융회사
317,440,삼성에스디에스,18260,B+,B+,A,B+,2018,
318,439,삼성엔지니어링,28050,A,A,A+,A,2018,
319,438,삼성전기,9150,A,A,A+,A,2018,
320,437,삼성전자,5930,B+,A,B+,B+,2018,
321,436,삼성제약,1360,B이하,B이하,B이하,C,2018,
322,435,삼성중공업,10140,B+,A,B이하,B,2018,
323,434,삼성증권,16360,B이하,B이하,A,B+이하,2018,금융회사
324,433,삼성출판사,68290,B이하,B이하,B이하,B,2018,
325,432,삼성카드,29780,B이하,B이하,B이하,B+이하,2018,금융회사
326,431,삼성화재해상보험,810,A,A+,A+,B+이하,2018,금융회사
327,430,삼아알미늄,6110,B이하,B이하,B이하,B,2018,
328,429,삼양사,145990,B+,B+,B+,B,2018,
329,428,삼양식품,3230,B이하,B이하,B이하,D,2018,
330,427,삼양통상,2170,B이하,B+,B이하,C,2018,
331,426,삼양홀딩스,70,B이하,B이하,B+,B,2018,
332,425,삼영무역,2810,B이하,B이하,B이하,C,2018,
333,424,삼영전자공업,5680,B이하,B+,B이하,B,2018,
334,423,삼영화학공업,3720,B이하,B+,B이하,B,2018,
335,422,삼원강재,23000,B이하,B+,B이하,B,2018,
336,421,삼익THK,4380,B이하,B이하,B이하,B,2018,
337,420,삼익악기,2450,B이하,B이하,B이하,C,2018,
338,419,삼일제약,520,B이하,B이하,B이하,B,2018,
339,418,삼정펄프,9770,B이하,B이하,B이하,C,2018,
340,417,삼진제약,5500,B이하,B이하,B+,B,2018,
341,416,삼천리,4690,B+,B+,B+,B+,2018,
342,415,삼호,1880,B이하,B이하,B이하,B,2018,
343,414,삼호개발,10960,B이하,B이하,B이하,C,2018,
344,413,삼화왕관,4450,B이하,B이하,B이하,B,2018,
345,412,삼화전기,9470,B이하,B이하,B이하,B,2018,
346,411,삼화전자공업,11230,B이하,B이하,B이하,C,2018,
347,410,삼화콘덴서공업,1820,B이하,B이하,B이하,B,2018,
348,409,삼화페인트공업,390,B+,B+,B+,B+,2018,
349,408,상신브레이크,41650,B이하,B이하,B이하,B,2018,
350,407,새론오토모티브,75180,B이하,B+,B이하,B,2018,
351,406,샘표,7540,B이하,B이하,B이하,B,2018,
352,405,샘표식품,248170,B+,B+,B+,B,2018,
353,404,서연,7860,B이하,B이하,B이하,B,2018,
354,403,서연이화,200880,B+,B이하,B+,B+,2018,
355,402,서울도시가스,17390,B이하,B이하,B이하,B,2018,
356,401,서울보증보험,813002,,,,B+이하,2018,금융회사
357,400,서울식품공업,4410,B이하,B이하,B이하,B,2018,
358,399,서원,21050,B이하,B+,B이하,B,2018,
359,398,서흥,8490,B이하,B이하,B이하,B,2018,
360,397,선도전기,7610,B이하,B이하,B이하,B,2018,
361,396,선진,136490,B이하,B이하,B이하,B+,2018,
362,395,선창산업,2820,B이하,B이하,B이하,C,2018,
363,394,성문전자,14910,B이하,B이하,B이하,C,2018,
364,393,성보화학,3080,B이하,B이하,B이하,B,2018,
365,392,성신양회,4980,B이하,B+,B이하,B,2018,
366,391,성안,11300,B이하,B이하,B이하,C,2018,
367,390,성지건설,5980,B이하,B이하,B이하,D,2018,
368,389,성창기업지주,180,B이하,B이하,B이하,C,2018,
369,388,세기상사,2420,B이하,B이하,B이하,B,2018,
370,387,세방,4360,B이하,B이하,B이하,B+,2018,
371,386,세방전지,4490,B이하,B+,B이하,C,2018,
372,385,세아베스틸,1430,B이하,B+,B+,C,2018,
373,384,세아제강,3030,B이하,B+,B이하,C,2018,
374,383,세아특수강,19440,B이하,B+,B이하,B,2018,
375,382,세아홀딩스,58650,B이하,B이하,B이하,C,2018,
376,381,세우글로벌,13000,B이하,B이하,B이하,C,2018,
377,380,세원셀론텍,91090,B이하,B이하,B이하,C,2018,
378,379,세원정공,21820,B이하,B이하,B이하,B,2018,
379,378,세이브존I&C,67830,B이하,B이하,B이하,C,2018,
380,377,세종공업,33530,B이하,B이하,B이하,C,2018,
381,376,세진중공업,75580,B이하,B이하,B이하,B,2018,
382,375,세하,27970,B이하,B+,B이하,B,2018,
383,374,세화아이엠씨,145210,B이하,B이하,B이하,D,2018,
384,373,셀트리온,68270,B이하,B이하,B이하,B,2018,
385,372,송원산업,4430,B이하,B+,B이하,D,2018,
386,371,수산중공업,17550,B이하,B이하,B이하,B,2018,
387,370,시디즈,134790,B이하,B이하,B이하,B,2018,
388,369,신대양제지,16590,B이하,B이하,B이하,D,2018,
389,368,신도리코,29530,B이하,B이하,B이하,B+,2018,
390,367,신라교역,4970,B이하,B이하,B이하,C,2018,
391,366,신성이엔지,11930,B이하,B이하,B이하,C,2018,
392,365,신성통상,5390,B이하,B이하,B이하,C,2018,
393,364,신세계,4170,B+,B+,A+,B,2018,
394,363,신세계I&C,35510,B이하,B이하,A,B,2018,
395,362,신세계건설,34300,B+,B이하,B+,B+,2018,
396,361,신세계인터내셔날,31430,B+,B이하,B+,B+,2018,
397,360,신세계푸드,31440,B이하,B이하,B이하,C,2018,
398,359,신송홀딩스,6880,B이하,B이하,B이하,B,2018,
399,358,신영와코루,5800,B이하,B이하,B이하,D,2018,
400,357,신영증권,1720,B이하,B이하,B이하,B+,2018,금융회사
401,356,신원,9270,B이하,B이하,B이하,C,2018,
402,355,신일산업,2700,B이하,B이하,B이하,B,2018,
403,354,신풍제약,19170,B이하,B이하,B이하,B,2018,
404,353,신풍제지,2870,B이하,B+,B이하,B,2018,
405,352,신한,5450,B이하,B이하,B이하,D,2018,
406,351,신한생명보험,828992,,,,B+이하,2018,금융회사
407,350,신한지주,55550,A+,A+,A,A+,2018,금융회사
408,349,신화실업,1770,B이하,B이하,B이하,C,2018,
409,348,신흥,4080,B이하,B이하,B이하,B+,2018,
410,347,쌍방울,102280,B이하,B이하,B이하,C,2018,
411,346,쌍용양회공업,3410,A,A,A,B+,2018,
412,345,쌍용자동차,3620,B+,B이하,B+,B+,2018,
413,344,써니전자,4770,B이하,B이하,B이하,B,2018,
414,343,씨아이테크,4920,B이하,B이하,B이하,C,2018,
415,342,씨에스윈드,112610,B이하,B이하,B이하,B+,2018,
416,341,아남전자,8700,B이하,B이하,B이하,C,2018,
417,340,아모레퍼시픽,90430,B+,A,A+,B,2018,
418,339,아모레퍼시픽그룹,2790,A,A,A+,B+,2018,
419,338,아세아,2030,B이하,B이하,B이하,C,2018,
420,337,아세아시멘트,183190,B이하,A,B+,C,2018,
421,336,아세아제지,2310,B이하,B이하,B이하,C,2018,
422,335,아시아나항공,20560,B이하,B+,B이하,B,2018,
423,334,아이마켓코리아,122900,B이하,B이하,B이하,B+,2018,
424,333,아이에스동서,10780,B이하,B이하,B이하,C,2018,
425,332,아이에이치큐,3560,B이하,B이하,B이하,B,2018,
426,331,아주캐피탈,33660,B이하,B이하,B이하,B,2018,금융회사
427,330,아티스,101140,B이하,B이하,B이하,B,2018,
428,329,알루코,1780,B이하,B이하,B이하,C,2018,
429,328,알보젠코리아,2250,B이하,B이하,B이하,B,2018,
430,327,애경유화,161000,B이하,B+,B이하,C,2018,
431,326,에넥스,11090,B이하,B이하,B+,C,2018,
432,325,에스엘,5850,B이하,B이하,B+,C,2018,
433,324,에스원,12750,B이하,B이하,B이하,C,2018,
434,323,에스제이엠,123700,B이하,B이하,B이하,B,2018,
435,322,에스제이엠홀딩스,25530,B이하,B이하,B이하,B,2018,
436,321,에쓰씨엔지니어링,23960,B이하,B이하,B이하,C,2018,
437,320,에이블씨엔씨,78520,B이하,B이하,B이하,D,2018,
438,319,에이비엘생명보험,804337,,,,B+이하,2018,금융회사
439,318,에이엔피,15260,B이하,B이하,B이하,C,2018,
440,317,에이프로젠 KIC,7460,B이하,B이하,B이하,C,2018,
441,316,에이프로젠제약,3060,B이하,B이하,B이하,D,2018,
442,315,엔씨소프트,36570,B이하,B이하,B이하,B+,2018,
443,314,엔에스쇼핑,138250,B이하,B이하,B+,B+,2018,
444,313,엔케이,85310,B이하,B이하,B이하,C,2018,
445,312,엔케이물산,9810,B이하,B이하,B이하,D,2018,
446,311,엔피씨,4250,B이하,B이하,B이하,B,2018,
447,310,영보화학,14440,B이하,B이하,B이하,C,2018,
448,309,영원무역,111770,B이하,B이하,B이하,B,2018,
449,308,영원무역홀딩스,9970,B이하,B이하,B이하,C,2018,
450,307,영진약품,3520,B이하,B이하,B이하,B,2018,
451,306,영풍,670,B이하,B이하,B이하,B,2018,
452,305,영풍제지,6740,B이하,B이하,B이하,C,2018,
453,304,영화금속,12280,B이하,B이하,B이하,B,2018,
454,303,영흥철강,12160,B이하,B+,B이하,B,2018,
455,302,예스코홀딩스,15360,B이하,B이하,B+,B,2018,
456,301,오뚜기,7310,B+,B+,A,B,2018,
457,300,오렌지라이프생명보험,79440,,,,B+이하,2018,금융회사
458,299,오리엔트바이오,2630,B이하,B이하,B이하,C,2018,
459,298,오리온홀딩스,1800,B이하,B이하,B이하,D,2018,
460,297,용평리조트,70960,B이하,B이하,B이하,B,2018,
461,296,우리들제약,4720,B이하,B이하,B이하,C,2018,
462,295,우리들휴브레인,118000,B이하,B이하,B이하,C,2018,
463,294,우리종금,10050,B이하,B이하,B이하,B+,2018,
464,293,우리카드,879070,,,,B+이하,2018,금융회사
465,292,우성사료,6980,B이하,B이하,B이하,C,2018,
466,291,우신시스템,17370,B이하,B이하,B이하,C,2018,
467,290,우진,105840,B이하,B이하,B이하,B,2018,
468,289,우진플라임,49800,B이하,B이하,B이하,B,2018,
469,288,웅진,16880,B이하,B이하,B이하,C,2018,
470,287,웅진씽크빅,95720,B이하,B이하,B이하,C,2018,
471,286,웅진에너지,103130,B이하,B+,B이하,B,2018,
472,285,원림,5820,B이하,B이하,B이하,C,2018,
473,284,웰바이오텍,10600,B이하,B이하,B이하,C,2018,
474,283,윌비스,8600,B이하,B이하,B이하,B,2018,
475,282,유나이티드,33270,B이하,B이하,B+,B,2018,
476,281,유니드,14830,B이하,B이하,B이하,C,2018,
477,280,유니온,910,B이하,B이하,B이하,C,2018,
478,279,유니온머티리얼,47400,B이하,B이하,B이하,C,2018,
479,278,유니켐,11330,B이하,B이하,B이하,B+,2018,
480,277,유니퀘스트,77500,B이하,B이하,B이하,B+,2018,
481,276,유성기업,2920,B이하,B이하,B이하,B,2018,
482,275,유수홀딩스,700,B+,B이하,B+,B+,2018,
483,274,유안타증권,3470,B이하,B이하,B이하,B+,2018,금융회사
484,273,유양디앤유,11690,B이하,B이하,B이하,B,2018,
485,272,유엔젤,72130,B이하,B이하,B이하,C,2018,
486,271,유유제약,220,B이하,B이하,B이하,B,2018,
487,270,유진증권,1200,B이하,B이하,B이하,B,2018,금융회사
488,269,유한양행,100,B+,B+,B+,B,2018,
489,268,유화증권,3460,B이하,B이하,B이하,C,2018,금융회사
490,267,율촌화학,8730,B이하,B이하,B이하,B,2018,
491,266,이건산업,8250,B이하,B이하,B이하,C,2018,
492,265,이구산업,25820,B+,B+,B이하,B+,2018,
493,264,이노션,214320,B이하,B이하,B+,B+,2018,
494,263,이마트,139480,B+,B+,B+,B+,2018,
495,262,이수페타시스,7660,B이하,B+,A,C,2018,
496,261,이수화학,5950,B이하,B+,B+,C,2018,
497,260,이스타코,15020,B이하,B이하,B이하,C,2018,
498,259,이아이디,93230,B이하,B이하,B이하,C,2018,
499,258,이연제약,102460,B이하,B이하,B이하,B,2018,
500,257,이월드,84680,B이하,B이하,B이하,C,2018,
501,256,이화산업,760,B이하,B이하,B이하,C,2018,
502,255,인디에프,14990,B이하,B이하,B이하,B,2018,
503,254,인스코비,6490,B이하,B+,B이하,C,2018,
504,253,인지컨트롤스,23800,B이하,B이하,B이하,D,2018,
505,252,인천도시가스,34590,B이하,B이하,B이하,B,2018,
506,251,인터지스,129260,B+,B이하,B+,B+,2018,
507,250,인팩,23810,B이하,B이하,B이하,B,2018,
508,249,일동제약,249420,B이하,B+,B+,C,2018,
509,248,일동홀딩스,230,B이하,B이하,B+,B,2018,
510,247,일성건설,13360,B이하,B이하,B이하,B,2018,
511,246,일성신약,3120,B이하,B이하,B이하,B,2018,
512,245,일신방직,3200,B이하,B이하,B이하,B,2018,
513,244,일신석재,7110,B이하,B이하,B이하,C,2018,
514,243,일양약품,7570,B이하,B이하,B이하,B,2018,
515,242,일정실업,8500,B이하,B이하,B이하,C,2018,
516,241,일진다이아,81000,B이하,B이하,B이하,C,2018,
517,240,일진디스플,20760,B이하,B+,B이하,B,2018,
518,239,일진머티리얼즈,20150,B이하,B+,B이하,B,2018,
519,238,일진전기,103590,B이하,B이하,B이하,C,2018,
520,237,일진홀딩스,15860,B이하,B이하,B이하,B,2018,
521,236,잇츠한불,226320,B이하,B이하,B이하,B,2018,
522,235,자화전자,33240,B이하,B이하,B+,C,2018,
523,234,전방,950,B이하,B이하,B이하,C,2018,
524,233,제이에스코퍼레이션,194370,B이하,B이하,B이하,B+,2018,
525,232,제이준코스메틱,25620,B이하,B이하,B이하,C,2018,
526,231,제일기획,30000,B이하,B이하,B이하,B+,2018,
527,230,제일연마,1560,B이하,B이하,B이하,B,2018,
528,229,제일파마홀딩스,2620,B이하,B이하,B이하,B,2018,
529,228,제주은행,6220,B+,B이하,B+,A,2018,금융회사
530,227,제주항공,89590,B이하,B이하,B이하,B+,2018,
531,226,조광페인트,4910,B이하,B이하,B이하,C,2018,
532,225,조광피혁,4700,B이하,B이하,B이하,B,2018,
533,224,조비,1550,B이하,B이하,B이하,C,2018,
534,223,조선내화,480,B이하,B이하,B+,D,2018,
535,222,조선선재,120030,B이하,B이하,B이하,B,2018,
536,221,조일알미늄,18470,B이하,B+,B이하,C,2018,
537,220,조흥,2600,B이하,B이하,B이하,B,2018,
538,219,종근당,185750,B이하,B이하,B+,C,2018,
539,218,종근당바이오,63160,B이하,B이하,B이하,B,2018,
540,217,종근당홀딩스,1630,B이하,B이하,B+,C,2018,
541,216,주연테크,44380,B이하,B이하,B이하,C,2018,
542,215,지엠비코리아,13870,B이하,B이하,B이하,B,2018,
543,214,지역난방공사,71320,A,A,A,B+,2018,
544,213,지코,10580,B이하,B이하,B이하,C,2018,
545,212,지투알,35000,B이하,B이하,B+,B,2018,
546,211,진도,88790,B이하,B이하,B이하,C,2018,
547,210,진양산업,3780,B이하,B이하,B이하,B,2018,
548,209,진양폴리우레탄,10640,B이하,B이하,B이하,C,2018,
549,208,진양홀딩스,100250,B이하,B이하,B이하,B,2018,
550,207,진양화학,51630,B이하,B이하,B이하,C,2018,
551,206,진원생명과학,11000,B이하,B이하,B이하,C,2018,
552,205,진흥기업,2780,B이하,B이하,B이하,C,2018,
553,204,참엔지니어링,9310,B이하,B이하,B이하,B,2018,
554,203,천일고속,650,B이하,B이하,B이하,B+,2018,
555,202,청호컴넷,12600,B이하,B이하,B이하,D,2018,
556,201,체시스,33250,B이하,B이하,B이하,C,2018,
557,200,카카오,35720,B이하,B이하,B이하,B+,2018,
558,199,카프로,6380,B이하,B이하,B이하,B,2018,
559,198,컨버즈,109070,B이하,B이하,B이하,C,2018,
560,197,케이디비생명보험,807958,,,,B+이하,2018,금융회사
561,196,케이뱅크은행,800172,,,,A,2018,금융회사
562,195,케이비국민카드,861717,,,,A,2018,금융회사
563,194,케이비생명보험,805087,,,,A,2018,금융회사
564,193,케이씨,29460,B이하,B이하,B+,B,2018,
565,192,케이씨씨,2380,B이하,B+,B+,C,2018,
566,191,케이씨티시,9070,B이하,B이하,B+,C,2018,
567,190,케이티,30200,A,A,B+,A,2018,
568,189,케이티스,58860,B이하,B이하,B이하,B+,2018,
569,188,케이티스카이라이프,53210,B이하,B이하,B이하,B,2018,
570,187,케이티앤지,33780,A+,B+,A+,A+,2018,
571,186,코리아써키트,7810,B이하,B+,B+,C,2018,
572,185,코리아오토글라스,152330,B이하,B+,B이하,B,2018,
573,184,코리안리,3690,B+,B이하,B이하,A,2018,금융회사
574,183,코스맥스,192820,B이하,B이하,B이하,B,2018,
575,182,코스맥스비티아이,44820,B이하,B이하,B이하,B,2018,
576,181,코스모신소재,5070,B+,B+,B이하,B+,2018,
577,180,코스모화학,5420,B이하,B+,B이하,B,2018,
578,179,코아스,71950,B이하,B이하,B이하,B,2018,
579,178,코오롱,2020,B이하,B이하,B이하,B,2018,
580,177,코오롱글로벌,3070,B이하,B이하,B이하,B+,2018,
581,176,코오롱머티리얼,144620,B이하,B이하,B이하,B,2018,
582,175,코오롱인더,120110,B+,B+,B+,B,2018,
583,174,코오롱플라스틱,138490,B이하,B+,B이하,B,2018,
584,173,코웨이,21240,B+,A+,A+,B,2018,
585,172,콤텍시스템,31820,B이하,B이하,B이하,C,2018,
586,171,쿠쿠홀딩스,192400,,,,B,2018,
587,170,큐로,15590,B이하,B이하,B이하,B,2018,
588,169,크라운해태홀딩스,5740,B이하,B이하,B+,B,2018,
589,168,키다리스튜디오,20120,B이하,B이하,B이하,B,2018,
590,167,키움증권,39490,B이하,B이하,B이하,C,2018,금융회사
591,166,키위미디어그룹,12170,B이하,B이하,B이하,D,2018,
592,165,태경산업,15890,B이하,B이하,B이하,C,2018,
593,164,태경화학,6890,B이하,B이하,B이하,C,2018,
594,163,태광산업,3240,B이하,B이하,B이하,C,2018,
595,162,태림포장,11280,B이하,B이하,B이하,C,2018,
596,161,태양금속공업,4100,B이하,B+,B이하,C,2018,
597,160,태영건설,9410,B이하,B이하,B이하,B+,2018,
598,159,태원물산,1420,B이하,B이하,B이하,B,2018,
599,158,태평양물산,7980,B이하,B이하,B+,B,2018,
600,157,텔코웨어,78000,B이하,B이하,B이하,B,2018,
601,156,토니모리,214420,B이하,B이하,B이하,B+,2018,
602,155,티비에이치글로벌,84870,B이하,B이하,B이하,B,2018,
603,154,티에이치엔,19180,B이하,B이하,B이하,B,2018,
604,153,티웨이홀딩스,4870,B이하,B이하,B이하,C,2018,
605,152,파미셀,5690,B이하,B이하,B이하,B,2018,
606,151,팜스코,36580,B이하,B이하,B이하,B,2018,
607,150,팬오션,28670,B+,B이하,B이하,B+,2018,
608,149,퍼스텍,10820,B이하,B이하,B이하,B,2018,
609,148,퍼시스,16800,B이하,B이하,B이하,B,2018,
610,147,페이퍼코리아,1020,B이하,B이하,B이하,C,2018,
611,146,평화산업,90080,B이하,B+,B이하,B,2018,
612,145,평화홀딩스,10770,B이하,B이하,B이하,B,2018,
613,144,포스코,5490,A,A,A,A+,2018,
614,143,포스코강판,58430,B+,B+,A,B+,2018,
615,142,포스코대우,47050,A,A,A+,B+,2018,
616,141,폴루스바이오팜,7630,B이하,B이하,B이하,B,2018,
617,140,푸르덴셜생명보험,839185,,,,B+이하,2018,금융회사
618,139,푸본현대생명보험,860086,,,,B+이하,2018,금융회사
619,138,풀무원,17810,A+,A,A,A+,2018,
620,137,풍산,103140,B+,B+,B+,B,2018,
621,136,풍산홀딩스,5810,B+,B이하,B+,B+,2018,
622,135,필룩스,33180,B이하,B이하,B이하,C,2018,
623,134,하나금융지주,86790,A+,A,A,A+,2018,금융회사
624,133,하나금융투자,805992,,,,B+이하,2018,금융회사
625,132,하나카드,856659,,,,A,2018,금융회사
626,131,하나투어,39130,B이하,B이하,B이하,B,2018,
627,130,하이스틸,71090,B이하,B이하,B이하,B,2018,
628,129,하이투자증권,814270,,,,B+이하,2018,금융회사
629,128,하이트론씨스템즈,19490,B이하,B이하,B이하,B,2018,
630,127,하이트진로,80,B이하,B+,B이하,D,2018,
631,126,하이트진로홀딩스,140,B이하,B이하,B이하,B,2018,
632,125,한국가스공사,36460,B+,B+,A,B+,2018,
633,124,한국공항,5430,B이하,B이하,B이하,C,2018,
634,123,한국금융지주,71050,B이하,B이하,B+,B+,2018,금융회사
635,122,한국내화,10040,B이하,B이하,B이하,D,2018,
636,121,한국단자공업,25540,B이하,B이하,B이하,B,2018,
637,120,한국석유공업,4090,B이하,B이하,B이하,C,2018,
638,119,한국수출포장공업,2200,B이하,B+,B이하,B,2018,
639,118,한국쉘석유,2960,B이하,B이하,B이하,B+,2018,
640,117,한국유리공업,2000,B이하,B+,B이하,C,2018,
641,116,한국자산신탁,123890,B이하,B이하,B이하,B,2018,금융회사
642,115,한국전력공사,15760,B+,A,B+,B+,2018,
643,114,한국전자홀딩스,6200,B이하,B이하,B이하,C,2018,
644,113,한국제지,2300,B+,B+,B+,B,2018,
645,112,한국종합기술,23350,B이하,B+,B이하,B,2018,
646,111,한국주강,25890,B이하,B이하,B이하,C,2018,
647,110,한국주철관공업,970,B이하,B이하,B이하,D,2018,
648,109,한국철강,104700,B이하,B+,B이하,B,2018,
649,108,한국카본,17960,B이하,B이하,B이하,B,2018,
650,107,한국카카오은행,800197,,,,B+이하,2018,금융회사
651,106,한국콜마,161890,B이하,B+,B+,D,2018,
652,105,한국콜마홀딩스,24720,B이하,B이하,B이하,C,2018,
653,104,한국타이어,161390,B+,A,A+,B,2018,
654,103,한국타이어월드와이드,240,B이하,B이하,A,C,2018,
655,102,한국토지신탁,34830,B이하,B이하,B이하,C,2018,금융회사
656,101,한국투자증권,804504,,,,B+이하,2018,금융회사
657,100,한국프랜지공업,10100,B이하,B+,B이하,C,2018,
658,99,한국항공우주,47810,A,B+,A+,B+,2018,
659,98,한국화장품,123690,B이하,B이하,B이하,B,2018,
660,97,한국화장품제조,3350,B이하,B이하,B이하,C,2018,
661,96,한농화성,11500,B이하,B이하,B이하,B,2018,
662,95,한독,2390,B+,B+,B+,B+,2018,
663,94,한라,14790,B이하,B이하,B+,B,2018,
664,93,한라홀딩스,60980,B+,B이하,A,B+,2018,
665,92,한미글로벌,53690,B이하,B+,B+,B,2018,
666,91,한미반도체,42700,B이하,B이하,B이하,B,2018,
667,90,한미사이언스,8930,B이하,B이하,B+,C,2018,
668,89,한미약품,128940,B+,B+,A,B,2018,
669,88,한샘,9240,B이하,B이하,B이하,B,2018,
670,87,한섬,20000,B이하,B이하,B+,B+,2018,
671,86,한성기업,3680,B이하,B이하,B이하,C,2018,
672,85,한세실업,105630,B이하,B이하,B이하,B,2018,
673,84,한세엠케이,69640,B이하,B이하,B이하,B+,2018,
674,83,한세예스24홀딩스,16450,B이하,B이하,B이하,C,2018,
675,82,한솔로지스틱스,9180,B이하,B이하,B+,B,2018,
676,81,한솔제지,213500,A,A,A,A,2018,
677,80,한솔케미칼,14680,B+,B+,B+,B+,2018,
678,79,한솔테크닉스,4710,B+,B+,B+,B,2018,
679,78,한솔피엔에스,10420,B이하,B이하,B이하,C,2018,
680,77,한솔홀딩스,4150,B+,B이하,B+,B+,2018,
681,76,한솔홈데코,25750,B+,B+,B+,B+,2018,
682,75,한신공영,4960,B이하,B이하,B+,B,2018,
683,74,한신기계공업,11700,B이하,B이하,B이하,B,2018,
684,73,한양증권,1750,B이하,B이하,B+,C,2018,금융회사
685,72,한온시스템,18880,B+,B+,B+,B+,2018,
686,71,한올바이오파마,9420,B이하,B이하,B이하,B,2018,
687,70,한익스프레스,14130,B이하,B이하,B이하,B,2018,
688,69,한일시멘트,3300,,,,D,2018,
689,68,한일철강,2220,B이하,B이하,B이하,C,2018,
690,67,한일현대시멘트,6390,B이하,B+,B+,C,2018,
691,66,한전KPS,51600,B+,B+,A,B+,2018,
692,65,한전기술,52690,B+,A,A,B,2018,
693,64,한전산업,130660,B이하,B+,B이하,D,2018,
694,63,한진,2320,B이하,B이하,B+,B,2018,
695,62,한진중공업,97230,B이하,B+,B이하,C,2018,
696,61,한진중공업홀딩스,3480,B이하,B이하,B이하,B+,2018,
697,60,한진칼,180640,B이하,B이하,B이하,C,2018,
698,59,한창,5110,B이하,B이하,B이하,C,2018,
699,58,한창제지,9460,B이하,B이하,B이하,C,2018,
700,57,한화,880,A,B+,B+,A,2018,
701,56,한화갤러리아타임월드,27390,B이하,B+,B+,C,2018,
702,55,한화생명,88350,B+,B+,B+,B+이하,2018,금융회사
703,54,한화손해보험,370,B이하,B이하,B+,B+,2018,금융회사
704,53,한화에어로스페이스,12450,B+,A,B이하,B,2018,
705,52,한화케미칼,9830,B+,B이하,A,B+,2018,
706,51,한화투자증권,3530,B이하,B이하,B이하,B,2018,금융회사
707,50,해성디에스,195870,A,A,A+,B+,2018,
708,49,해태제과식품,101530,B이하,B이하,B+,B,2018,
709,48,핸즈코퍼레이션,143210,B이하,B+,B이하,B,2018,
710,47,현대건설,720,A,A,A,B+,2018,
711,46,현대그린푸드,5440,B+,B이하,B이하,B+,2018,
712,45,현대글로비스,86280,B+,B+,A,B+,2018,
713,44,현대로템,64350,B+,B+,B+,B+,2018,
714,43,현대리바트,79430,B+,B이하,B+,B+,2018,
715,42,현대모비스,12330,B+,A,A,B,2018,
716,41,현대미포조선,10620,B+,B+,B+,B+,2018,
717,40,현대백화점,69960,B이하,B이하,B+,B+,2018,
718,39,현대비앤지스틸,4560,B이하,B+,B+,C,2018,
719,38,현대상선,11200,B+,B+,B+,B,2018,
720,37,현대약품,4310,B이하,B이하,B+,B,2018,
721,36,현대에이치씨엔,126560,B+,B이하,B+,B+,2018,
722,35,현대엘리베이터,17800,A,A,A,B+,2018,
723,34,현대위아,11210,B+,B+,B이하,B+,2018,
724,33,현대자동차,5380,B+,A,B+,B,2018,
725,32,현대제철,4020,B이하,B+,B+,C,2018,
726,31,현대종합상사,11760,B이하,B이하,B이하,C,2018,
727,30,현대중공업,9540,B+,A,B+,B+,2018,
728,29,현대차증권,1500,B이하,B이하,B이하,C,2018,금융회사
729,28,현대카드,815419,,,,A,2018,금융회사
730,27,현대코퍼레이션홀딩스,227840,B이하,B이하,B이하,B,2018,
731,26,현대해상,1450,A,A,A+,A,2018,금융회사
732,25,현대홈쇼핑,57050,B+,B이하,B+,A,2018,
733,24,형지엘리트,93240,B이하,B이하,B이하,C,2018,
734,23,혜인,3010,B이하,B이하,B이하,C,2018,
735,22,호텔신라,8770,A,B+,A,A,2018,
736,21,화성산업,2460,B이하,B이하,B이하,B+,2018,
737,20,화승알앤에이,13520,B+,B+,B+,B,2018,
738,19,화승엔터프라이즈,241590,B이하,B이하,B이하,B,2018,
739,18,화승인더스트리,6060,B이하,B+,B이하,D,2018,
740,17,화신,10690,B이하,B이하,B이하,C,2018,
741,16,화인베스틸,133820,B이하,B+,B이하,B,2018,
742,15,화천기계,10660,B이하,B이하,B이하,C,2018,
743,14,화천기공,850,B이하,B이하,B이하,B,2018,
744,13,환인제약,16580,B이하,B이하,B이하,B+,2018,
745,12,황금에스티,32560,B이하,B이하,B이하,C,2018,
746,11,효성,4800,B이하,B+,B+,C,2018,
747,10,효성 ITX,94280,B이하,B이하,B+,B,2018,
748,9,후성,93370,B이하,B+,B이하,B,2018,
749,8,휠라코리아,81660,B이하,B이하,B이하,B,2018,
750,7,휴니드테크놀러지스,5870,B이하,B이하,B이하,B,2018,
751,6,휴비스,79980,B+,B+,B+,B+,2018,
752,5,휴스틸,5010,B이하,B이하,B이하,B,2018,
753,4,휴켐스,69260,B이하,B+,B이하,B,2018,
754,3,흥국생명보험,818586,,,,B+이하,2018,금융회사
755,2,흥국화재,540,B이하,B이하,B이하,B,2018,금융회사
756,1,흥아해운,3280,B이하,B이하,B이하,C,2018,
0,923,AJ네트웍스,95570,B,D,B,B,2019,2020. 3분기
1,922,AJ렌터카,68400,C,B,B,C,2019,2020. 3분기
2,921,AK홀딩스,6840,B,C,B,B,2019,2020. 3분기
3,920,AP시스템,265520,C,D,C,B,2019,2020. 3분기
4,919,BGF,27410,B,C,A,B,2019,2020. 3분기
5,918,BGF리테일,282330,B,C,B+,B+,2019,2020. 3분기
6,917,BNK금융지주,138930,A+,B+,A+,A+,2019,2020. 3분기(금융회사)
7,916,BYC,1460,B,C,B+,B+,2019,2020. 3분기
8,915,CJ,1040,A,B,A+,A,2019,2020. 3분기
9,914,CJ CGV,79160,B+,B,B+,A,2019,2020. 3분기
10,913,CJ ENM,35760,B,D,B+,B+,2019,2020. 3분기
11,912,CJ대한통운,120,B+,A,B+,B+,2019,2020. 3분기
12,911,CJ씨푸드,11150,C,D,C,B+,2019,2020. 3분기
13,910,CJ제일제당,97950,A,A,A+,A,2019,2020. 3분기
14,909,CJ프레시웨이,51500,A,B,A,A,2019,2020. 3분기
15,908,CJ헬로,37560,B+,C,B+,B+,2019,2020. 3분기
16,907,CMG제약,58820,C,D,C,C,2019,2020. 3분기
17,906,CS홀딩스,590,C,D,C,B,2019,2020. 3분기
18,905,DB,12030,B,D,B,B,2019,2020. 3분기
19,904,DB금융투자,16610,B,D,B+,B,2019,2020. 3분기(금융회사)
20,903,DB생명보험,818158,,,,B,2019,2020. 3분기(금융회사)
21,902,DB손해보험,5830,B+,A,A,B+,2019,2020. 3분기(금융회사)
22,901,DB하이텍,990,B+,B+,A,B+,2019,2020. 3분기
23,900,DGB금융지주,139130,B+,A,A,B+,2019,2020. 3분기(금융회사)
24,899,DGB생명보험,813363,,,,B+,2019,2020. 3분기(금융회사)
25,898,DRB동일,4840,B,B,B,B+,2019,2020. 3분기
26,897,DSR,155660,C,B,B,C,2019,2020. 3분기
27,896,DSR제강,69730,C,C,B,C,2019,2020. 3분기
28,895,E1,17940,B,C,B+,B,2019,2020. 3분기
29,894,F&F,7700,C,D,C,B,2019,2020. 3분기
30,893,GKL,114090,B,C,B+,B,2019,2020. 3분기
31,892,GS,78930,B,D,B+,B+,2019,2020. 3분기
32,891,GS건설,6360,A,B+,A,A,2019,2020. 3분기
33,890,GS글로벌,1250,B,D,B+,B+,2019,2020. 3분기
34,889,GS리테일,7070,B,C,A,B,2019,2020. 3분기
35,888,GS홈쇼핑,28150,B+,C,A,A,2019,2020. 3분기
36,887,HDC,12630,B,D,B+,B+,2019,2020. 3분기
37,886,HDC아이콘트롤스,39570,C,D,B,B,2019,2020. 3분기
38,885,HDC현대EP,89470,B,B,B,B,2019,2020. 3분기
39,884,HSD엔진,82740,A,B+,A+,A,2019,2020. 3분기
40,883,JB금융지주,175330,A,B+,A,A,2019,2020. 3분기(금융회사)
41,882,JW생명과학,234080,B+,B+,B+,B+,2019,2020. 3분기
42,881,JW중외제약,1060,B+,B,A,B+,2019,2020. 3분기
43,880,JW홀딩스,96760,B,C,B+,B,2019,2020. 3분기
44,879,JYP Ent.,35900,C,D,C,B,2019,2020. 3분기
45,878,KB국민카드,861717,,,,A,2019,2020. 3분기(금융회사)
46,877,KB금융,105560,A+,A+,A,A+,2019,2020. 3분기(금융회사)
47,876,KB생명보험,805087,,,,B+,2019,2020. 3분기(금융회사)
48,875,KB손해보험,2550,,,,A,2019,2020. 3분기(금융회사)
49,874,KB증권,3450,,,,B+,2019,2020. 3분기(금융회사)
50,873,KCC건설,21320,C,C,B,B,2019,2020. 3분기
51,872,KC그린홀딩스,9440,B,B,B,B,2019,2020. 3분기
52,871,KC코트렐,119650,B,B,C,B,2019,2020. 3분기
53,870,KEC,92220,B,B,C,B,2019,2020. 3분기
54,869,KG이니시스,35600,C,D,B,D,2019,2020. 3분기
55,868,KG케미칼,1390,C,C,C,C,2019,2020. 3분기
56,867,KISCO홀딩스,1940,B,B,C,B,2019,2020. 3분기
57,866,KPX케미칼,25000,B,B,C,B,2019,2020. 3분기
58,865,KPX홀딩스,92230,C,C,C,B,2019,2020. 3분기
59,864,KR모터스,40,C,D,B,C,2019,2020. 3분기
60,863,KSS해운,44450,B+,B,B+,B+,2019,2020. 3분기
61,862,KTB투자증권,30210,C,D,B,C,2019,2020. 3분기(금융회사)
62,861,KTH,36030,B,C,B,B+,2019,2020. 3분기
63,860,KTcs,58850,B,D,B+,B+,2019,2020. 3분기
64,859,KTis,58860,B,D,B+,B+,2019,2020. 3분기
65,858,KT서브마린,60370,B,D,B,B+,2019,2020. 3분기
66,857,LF,93050,B,D,B,B+,2019,2020. 3분기
67,856,LG,3550,B+,B,A,B+,2019,2020. 3분기
68,855,LG디스플레이,34220,B+,B+,A,B,2019,2020. 3분기
69,854,LG상사,1120,B+,C,A,B+,2019,2020. 3분기
70,853,LG생활건강,51900,A,A,A+,B+,2019,2020. 3분기
71,852,LG유플러스,32640,B+,B+,A,B+,2019,2020. 3분기
72,851,LG이노텍,11070,B+,B+,A,B+,2019,2020. 3분기
73,850,LG전자,66570,B+,A,A,B,2019,2020. 3분기
74,849,LG하우시스,108670,A,A,A,B+,2019,2020. 3분기
75,848,LG화학,51910,B,D,A,B+,2019,2020. 3분기
76,847,LIG넥스원,79550,B+,B+,A,B+,2019,2020. 3분기
77,846,LS,6260,B+,B,A,B,2019,2020. 3분기
78,845,LS네트웍스,680,B,D,B,B,2019,2020. 3분기
79,844,LS산전,10120,A,A,A,A,2019,2020. 3분기
80,843,LS전선아시아,229640,B,D,C,B+,2019,2020. 3분기
81,842,MH에탄올,23150,B,C,B,B,2019,2020. 3분기
82,841,NAVER,35420,B+,B,A,B+,2019,2020. 3분기
83,840,NH농협손해보험,839719,,,,A,2019,2020. 3분기(금융회사)
84,839,NH투자증권,5940,B+,C,A,B+,2019,2020. 3분기(금융회사)
85,838,NICE,34310,B,D,B,B+,2019,2020. 3분기
86,837,NICE평가정보,30190,B,D,B,B,2019,2020. 3분기
87,836,NI스틸,8260,D,D,C,C,2019,2020. 3분기
88,835,OCI,10060,A,B,A+,A,2019,2020. 3분기
89,834,S&TC,100840,B,B,B+,B,2019,2020. 3분기
90,833,S&T모티브,64960,B,B,B,B+,2019,2020. 3분기
91,832,S&T중공업,3570,B,B+,B,B,2019,2020. 3분기
92,831,S&T홀딩스,36530,B,C,B,B,2019,2020. 3분기
93,830,S-Oil,10950,A,B+,A+,A+,2019,2020. 3분기
94,829,SBS,34120,B,C,B,B+,2019,2020. 3분기
95,828,SBS미디어홀딩스,101060,B,C,B,B,2019,2020. 3분기
96,827,SBS콘텐츠허브,46140,C,D,C,B,2019,2020. 3분기
97,826,SG세계물산,4060,C,D,B,C,2019,2020. 3분기
98,825,SG충방,1380,D,C,C,D,2019,2020. 3분기
99,824,SH에너지화학,2360,C,C,C,B+,2019,2020. 3분기
100,823,SIMPAC,9160,C,C,C,C,2019,2020. 3분기
101,822,SK,34730,A,A,A,A,2019,2020. 3분기
102,821,SKC,11790,A,B+,A,A,2019,2020. 3분기
103,820,SKC 솔믹스,57500,B+,B+,B,B+,2019,2020. 3분기
104,819,SKC코오롱PI,178920,B,B,C,B+,2019,2020. 3분기
105,818,SK가스,18670,B+,B,B+,A,2019,2020. 3분기
106,817,SK네트웍스,1740,A+,B+,A+,A+,2019,2020. 3분기
107,816,SK디스커버리,6120,B+,D,B+,A,2019,2020. 3분기
108,815,SK디앤디,210980,B,C,B,B+,2019,2020. 3분기
109,814,SK머티리얼즈,36490,B,B,B,B+,2019,2020. 3분기
110,813,SK바이오랜드,52260,B,C,B,B+,2019,2020. 3분기
111,812,SK이노베이션,96770,A,A,A+,A,2019,2020. 3분기
112,811,SK증권,1510,B,D,B+,B+,2019,2020. 3분기(금융회사)
113,810,SK텔레콤,17670,A,B+,A,A+,2019,2020. 3분기
114,809,SK하이닉스,660,A,B+,A+,B+,2019,2020. 3분기
115,808,SPC삼립,5610,B+,B,A,B+,2019,2020. 3분기
116,807,STX,11810,B,C,B,B,2019,2020. 3분기
117,806,STX엔진,77970,B,B+,B,B,2019,2020. 3분기
118,805,TCC스틸,2710,C,C,B,C,2019,2020. 3분기
119,804,WISCOM,24070,C,C,C,B,2019,2020. 3분기
120,803,YG PLUS,37270,C,D,C,B,2019,2020. 3분기
121,802,가온전선,500,B,B,C,B+,2019,2020. 3분기
122,801,강남제비스코,860,C,C,C,B,2019,2020. 3분기
123,800,강원랜드,35250,B+,B+,A,B,2019,2020. 3분기
124,799,갤럭시아에스엠,11420,D,D,D,C,2019,2020. 3분기
125,798,갤럭시아컴즈,94480,C,D,C,B,2019,2020. 3분기
126,797,게임빌,63080,B,D,B,B,2019,2020. 3분기
127,796,경남은행,192520,,,,B+,2019,2020. 3분기(금융회사)
128,795,경농,2100,C,B,B+,C,2019,2020. 3분기
129,794,경동나비엔,9450,B+,B,A,B,2019,2020. 3분기
130,793,경동도시가스,267290,B+,B,A,B+,2019,2020. 3분기
131,792,경동인베스트,12320,C,C,B+,C,2019,2020. 3분기
132,791,경방,50,C,C,B,B,2019,2020. 3분기
133,790,경보제약,214390,B,B,B,B,2019,2020. 3분기
134,789,경인양행,12610,B,B,C,B,2019,2020. 3분기
135,788,경인전자,9140,C,D,C,B,2019,2020. 3분기
136,787,계룡건설산업,13580,B+,B,B+,B+,2019,2020. 3분기
137,786,계양전기,12200,B,B,B+,B,2019,2020. 3분기
138,785,고려개발,4200,B,C,B+,B,2019,2020. 3분기
139,784,고려산업,2140,C,C,C,C,2019,2020. 3분기
140,783,고려아연,10130,B,B,B,B,2019,2020. 3분기
141,782,고려제강,2240,C,B+,B,D,2019,2020. 3분기
142,781,고영,98460,C,B,B,C,2019,2020. 3분기
143,780,광동제약,9290,B,C,B,B+,2019,2020. 3분기
144,779,광명전기,17040,C,C,B,D,2019,2020. 3분기
145,778,광전자,17900,B,B,B,B,2019,2020. 3분기
146,777,광주신세계,37710,B,D,B,B+,2019,2020. 3분기
147,776,광주은행,192530,,,,B+,2019,2020. 3분기(금융회사)
148,775,교보생명보험,811097,,,,B+,2019,2020. 3분기(금융회사)
149,774,교보증권,30610,B,D,B+,B,2019,2020. 3분기(금융회사)
150,773,국도화학,7690,C,B+,C,C,2019,2020. 3분기
151,772,국동,5320,C,D,C,B,2019,2020. 3분기
152,771,국민은행,60000,,,,B+,2019,2020. 3분기(금융회사)
153,770,국보,1140,C,B,C,C,2019,2020. 3분기
154,769,국제약품,2720,C,D,B,B,2019,2020. 3분기
155,768,그린케미칼,83420,B,B,C,B,2019,2020. 3분기
156,767,극동유화,14530,B,B,C,B,2019,2020. 3분기
157,766,금강공업,14280,C,C,B,C,2019,2020. 3분기
158,765,금비,8870,C,C,B,C,2019,2020. 3분기
159,764,금양,1570,C,D,C,B,2019,2020. 3분기
160,763,금호산업,2990,B,B,B,B,2019,2020. 3분기
161,762,금호석유화학,11780,B+,B+,B+,B+,2019,2020. 3분기
162,761,금호에이치티,214330,D,D,C,C,2019,2020. 3분기
163,760,금호전기,1210,C,B,B+,C,2019,2020. 3분기
164,759,금호타이어,73240,B+,B,B+,B+,2019,2020. 3분기
165,758,기신정기,92440,C,D,C,B,2019,2020. 3분기
166,757,기아자동차,270,B+,A,A,B,2019,2020. 3분기
167,756,기업은행,24110,B+,B,A,B+,2019,2020. 3분기(금융회사)
168,755,까뮤이앤씨,13700,C,D,C,B+,2019,2020. 3분기
169,754,깨끗한나라,4540,B,B,B+,B,2019,2020. 3분기
170,753,나노메딕스,74610,C,B,C,C,2019,2020. 3분기
171,752,나노스,151910,C,C,C,C,2019,2020. 3분기
172,751,나노엔텍,39860,C,D,C,B,2019,2020. 3분기
173,750,나스미디어,89600,B,D,B,B+,2019,2020. 3분기
174,749,남광토건,1260,B,B,B,B,2019,2020. 3분기
175,748,남선알미늄,8350,C,B,B+,C,2019,2020. 3분기
176,747,남성,4270,C,D,C,B,2019,2020. 3분기
177,746,남양유업,3920,B,C,B+,B,2019,2020. 3분기
178,745,남영비비안,2070,C,D,B,B,2019,2020. 3분기
179,744,남해화학,25860,B+,B,B+,B+,2019,2020. 3분기
180,743,네이처셀,7390,D,D,C,D,2019,2020. 3분기
181,742,넥센,5720,B,B,B,B,2019,2020. 3분기
182,741,넥센타이어,2350,B,B+,B,B,2019,2020. 3분기
183,740,넥스트사이언스,3580,D,D,C,C,2019,2020. 3분기
184,739,넥슨지티,41140,C,D,B+,C,2019,2020. 3분기
185,738,넷마블,251270,B,D,B+,B,2019,2020. 3분기
186,737,노루페인트,90350,C,C,B,B,2019,2020. 3분기
187,736,노루홀딩스,320,C,C,B,C,2019,2020. 3분기
188,735,녹십자,6280,B+,B,A,B,2019,2020. 3분기
189,734,녹십자랩셀,144510,C,D,B,B,2019,2020. 3분기
190,733,녹십자셀,31390,C,D,B,C,2019,2020. 3분기
191,732,녹십자홀딩스,5250,B+,C,A,B+,2019,2020. 3분기
192,731,농심,4370,C,B+,B+,D,2019,2020. 3분기
193,730,농심홀딩스,72710,B,B,B+,B,2019,2020. 3분기
194,729,농우바이오,54050,C,D,C,B,2019,2020. 3분기
195,728,농협금융지주,839683,,,,A,2019,2020. 3분기(금융회사)
196,727,농협생명보험,839723,,,,A,2019,2020. 3분기(금융회사)
197,726,다스코,58730,B,C,C,B+,2019,2020. 3분기
198,725,다우기술,23590,C,D,B+,C,2019,2020. 3분기
199,724,대교,19680,B+,D,B+,A,2019,2020. 3분기
200,723,대구백화점,6370,B,D,B,B+,2019,2020. 3분기
201,722,대구은행,5270,,,,B+,2019,2020. 3분기(금융회사)
202,721,대덕전자,8060,B,B,B+,B,2019,2020. 3분기
203,720,대동공업,490,B,B,B,B,2019,2020. 3분기
204,719,대동전자,8110,C,B,C,C,2019,2020. 3분기
205,718,대림비앤코,5750,C,C,B,B,2019,2020. 3분기
206,717,대림산업,210,B,B,C,B,2019,2020. 3분기
207,716,대림씨엔에스,4440,B+,B,B+,B+,2019,2020. 3분기
208,715,대림통상,6570,C,B,B,C,2019,2020. 3분기
209,714,대상,1680,B,B,B+,B,2019,2020. 3분기
210,713,대상홀딩스,84690,B+,C,B+,B+,2019,2020. 3분기
211,712,대성산업,128820,C,D,C,B,2019,2020. 3분기
212,711,대성에너지,117580,B,B,B,B,2019,2020. 3분기
213,710,대성홀딩스,16710,B,C,B+,B,2019,2020. 3분기
214,709,대신증권,3540,B,C,B,B+,2019,2020. 3분기(금융회사)
215,708,대양금속,9190,B,B,C,B,2019,2020. 3분기
216,707,대영포장,14160,C,B,C,D,2019,2020. 3분기
217,706,대우건설,47040,B+,B+,A,B+,2019,2020. 3분기
218,705,대우부품,9320,C,D,C,B,2019,2020. 3분기
219,704,대우조선해양,42660,B,B+,C,B+,2019,2020. 3분기
220,703,대웅,3090,C,C,B+,C,2019,2020. 3분기
221,702,대웅제약,69620,B,B,B+,B,2019,2020. 3분기
222,701,대원강업,430,B+,B,B+,B+,2019,2020. 3분기
223,700,대원전선,6340,C,B,D,C,2019,2020. 3분기
224,699,대원제약,3220,B,C,B+,B+,2019,2020. 3분기
225,698,대원화성,24890,C,B,B,C,2019,2020. 3분기
226,697,대유에이텍,2880,C,B,B,C,2019,2020. 3분기
227,696,대유플러스,300,C,C,D,C,2019,2020. 3분기
228,695,대창,12800,C,B,C,C,2019,2020. 3분기
229,694,대창단조,15230,B,B,C,B,2019,2020. 3분기
230,693,대한방직,1070,C,C,C,B+,2019,2020. 3분기
231,692,대한유화,6650,C,B,B+,C,2019,2020. 3분기
232,691,대한전선,1440,B,B,C,B,2019,2020. 3분기
233,690,대한제강,84010,B,B+,C,B+,2019,2020. 3분기
234,689,대한제당,1790,C,C,C,B,2019,2020. 3분기
235,688,대한제분,1130,B,C,B,B,2019,2020. 3분기
236,687,대한항공,3490,B+,B+,A,B,2019,2020. 3분기
237,686,대한해운,5880,C,D,B+,C,2019,2020. 3분기
238,685,대한화섬,3830,B,B,B+,B,2019,2020. 3분기
239,684,대현,16090,C,D,C,B+,2019,2020. 3분기
240,683,대호에이엘,69460,C,B,C,D,2019,2020. 3분기
241,682,대화제약,67080,C,D,B,B,2019,2020. 3분기
242,681,더블유게임즈,192080,B,D,C,B+,2019,2020. 3분기
243,680,더존비즈온,12510,C,D,B,C,2019,2020. 3분기
244,679,덕산네오룩스,213420,C,D,B,C,2019,2020. 3분기
245,678,덕성,4830,B,B,C,B,2019,2020. 3분기
246,677,덕양산업,24900,B,B,B,B,2019,2020. 3분기
247,676,덴티움,145720,C,D,C,B+,2019,2020. 3분기
248,675,도화엔지니어링,2150,B,B,C,B+,2019,2020. 3분기
249,674,동국제강,1230,B,B,B,B,2019,2020. 3분기
250,673,동국제약,86450,C,C,C,C,2019,2020. 3분기
251,672,동남합성,23450,C,D,C,B,2019,2020. 3분기
252,671,동방,4140,C,B,C,C,2019,2020. 3분기
253,670,동방아그로,7590,C,D,C,B,2019,2020. 3분기
254,669,동부건설,5960,C,C,B,B,2019,2020. 3분기
255,668,동부제철,16380,C,B,B,D,2019,2020. 3분기
256,667,동서,26960,C,C,B,C,2019,2020. 3분기
257,666,동성제약,2210,C,C,C,C,2019,2020. 3분기
258,665,동성코퍼레이션,102260,B+,B,B+,B+,2019,2020. 3분기
259,664,동성화학,5190,B,B,B+,B,2019,2020. 3분기
260,663,동아쏘시오홀딩스,640,B+,C,B+,A,2019,2020. 3분기
261,662,동아에스티,170900,B+,B,A,B+,2019,2020. 3분기
262,661,동아지질,28100,C,C,B,B,2019,2020. 3분기
263,660,동아타이어,282690,C,C,C,B,2019,2020. 3분기
264,659,동양,1520,C,C,D,C,2019,2020. 3분기
265,658,동양고속,84670,B,C,B,B+,2019,2020. 3분기
266,657,동양네트웍스,30790,C,D,C,B,2019,2020. 3분기
267,656,동양물산기업,2900,C,B,B+,C,2019,2020. 3분기
268,655,동양생명,82640,B,D,B+,B,2019,2020. 3분기(금융회사)
269,654,동양철관,8970,C,C,C,C,2019,2020. 3분기
270,653,동양피스톤,92780,B,B,B,B+,2019,2020. 3분기
271,652,동원F&B,49770,B,C,B,B,2019,2020. 3분기
272,651,동원금속,18500,B,B,B,B,2019,2020. 3분기
273,650,동원산업,6040,B,C,B+,B,2019,2020. 3분기
274,649,동원수산,30720,C,D,B,B,2019,2020. 3분기
275,648,동원시스템즈,14820,C,B,B+,C,2019,2020. 3분기
276,647,동일고무벨트,163560,B,B,B,B,2019,2020. 3분기
277,646,동일산업,4890,B,B+,C,B+,2019,2020. 3분기
278,645,동일제강,2690,C,C,C,B,2019,2020. 3분기
279,644,동진쎄미켐,5290,C,C,B,D,2019,2020. 3분기
280,643,동화기업,25900,C,B,B+,C,2019,2020. 3분기
281,642,동화약품,20,C,C,B+,C,2019,2020. 3분기
282,641,두산,150,A,A,A+,A,2019,2020. 3분기
283,640,두산건설,11160,B+,B+,A,B+,2019,2020. 3분기
284,639,두산밥캣,241560,B,D,B,A,2019,2020. 3분기
285,638,두산인프라코어,42670,A,A,A,B+,2019,2020. 3분기
286,637,두산중공업,34020,A,A,A+,A,2019,2020. 3분기
287,636,두올,16740,B,C,B,B+,2019,2020. 3분기
288,635,드림어스컴퍼니,60570,C,C,B,B,2019,2020. 3분기
289,634,디씨엠,24090,C,C,C,B,2019,2020. 3분기
290,633,디아이,3160,C,B,C,C,2019,2020. 3분기
291,632,디아이동일,1530,C,D,C,B,2019,2020. 3분기
292,631,디아이씨,92200,C,C,C,B,2019,2020. 3분기
293,630,디오,39840,C,D,B,C,2019,2020. 3분기
294,629,디와이,13570,C,C,C,B+,2019,2020. 3분기
295,628,디와이파워,210540,C,D,C,B,2019,2020. 3분기
296,627,디티알오토모티브,7340,C,B,D,B,2019,2020. 3분기
297,626,디피씨,26890,B,D,B,B+,2019,2020. 3분기
298,625,락앤락,115390,B,B,B+,B,2019,2020. 3분기
299,624,레고켐바이오,141080,C,D,C,B,2019,2020. 3분기
300,623,롯데관광개발,32350,C,D,B,D,2019,2020. 3분기
301,622,롯데손해보험,400,B+,C,A,B+,2019,2020. 3분기(금융회사)
302,621,롯데쇼핑,23530,A,A,A,A,2019,2020. 3분기
303,620,롯데정밀화학,4000,A,B+,A+,A,2019,2020. 3분기
304,619,롯데제과,280360,A,A,A,B+,2019,2020. 3분기
305,618,롯데지주,4990,B+,B,A,B+,2019,2020. 3분기
306,617,롯데칠성음료,5300,B+,B+,A,B,2019,2020. 3분기
307,616,롯데카드,854231,,,,B+,2019,2020. 3분기(금융회사)
308,615,롯데캐피탈,855981,,,,B+,2019,2020. 3분기(금융회사)
309,614,롯데케미칼,11170,B,C,A,B+,2019,2020. 3분기
310,613,롯데푸드,2270,B+,B+,A,B+,2019,2020. 3분기
311,612,롯데하이마트,71840,A,B+,A+,B+,2019,2020. 3분기
312,611,리노공업,58470,B,B,B,B,2019,2020. 3분기
313,610,마니커,27740,C,D,B,C,2019,2020. 3분기
314,609,만도,204320,B+,B+,A,B+,2019,2020. 3분기
315,608,만호제강,1080,B,C,B,B+,2019,2020. 3분기
316,607,매일유업,267980,B+,B+,B+,B+,2019,2020. 3분기
317,606,멀티캠퍼스,67280,B,D,B,B,2019,2020. 3분기
318,605,메디톡스,86900,C,C,C,B,2019,2020. 3분기
319,604,메디파트너생명공학,15540,C,D,C,C,2019,2020. 3분기
320,603,메디포스트,78160,B,C,B,B,2019,2020. 3분기
321,602,메리츠금융지주,138040,B+,D,B+,A,2019,2020. 3분기(금융회사)
322,601,메리츠종금증권,8560,B+,C,B+,A,2019,2020. 3분기(금융회사)
323,600,메리츠화재,60,B,D,B+,B+,2019,2020. 3분기(금융회사)
324,599,메이슨캐피탈,21880,D,D,C,D,2019,2020. 3분기(금융회사)
325,598,메타랩스,90370,C,D,C,B,2019,2020. 3분기
326,597,메트라이프생명보험,832969,,,,B,2019,2020. 3분기(금융회사)
327,596,명문제약,17180,B,C,B,B,2019,2020. 3분기
328,595,모나리자,12690,B,B,B,B,2019,2020. 3분기
329,594,모나미,5360,C,D,C,C,2019,2020. 3분기
330,593,모두투어,80160,B,C,B,B+,2019,2020. 3분기
331,592,모토닉,9680,B,C,B,B+,2019,2020. 3분기
332,591,무림P&P,9580,B+,B+,B+,B,2019,2020. 3분기
333,590,무림페이퍼,9200,B+,B+,B+,B,2019,2020. 3분기
334,589,무학,33920,C,B,C,C,2019,2020. 3분기
335,588,문배철강,8420,C,D,C,B,2019,2020. 3분기
336,587,미래산업,25560,B,B,B,B,2019,2020. 3분기
337,586,미래아이앤지,7120,C,D,C,B,2019,2020. 3분기
338,585,미래에셋대우,6800,B+,B+,A,B+,2019,2020. 3분기(금융회사)
339,584,미래에셋생명,85620,B,D,B+,B,2019,2020. 3분기(금융회사)
340,583,미래컴퍼니,49950,B,D,B,B+,2019,2020. 3분기
341,582,미원상사,2840,C,D,C,B,2019,2020. 3분기
342,581,미원에스씨,268280,C,C,C,B,2019,2020. 3분기
343,580,미원홀딩스,107590,C,C,C,B,2019,2020. 3분기
344,579,미원화학,134380,C,D,B,C,2019,2020. 3분기
345,578,미창석유공업,3650,C,C,C,B+,2019,2020. 3분기
346,577,바텍,43150,C,D,C,C,2019,2020. 3분기
347,576,방림,3610,B,B,C,B,2019,2020. 3분기
348,575,백광산업,1340,C,B,C,C,2019,2020. 3분기
349,574,백광소재,14580,C,C,D,B,2019,2020. 3분기
350,573,백산,35150,C,B,B,C,2019,2020. 3분기
351,572,범양건영,2410,D,D,C,C,2019,2020. 3분기
352,571,벽산,7210,B,B,B,B,2019,2020. 3분기
353,570,보락,2760,C,D,C,C,2019,2020. 3분기
354,569,보령제약,3850,B,C,B,B,2019,2020. 3분기
355,568,보해양조,890,B,B,B,B,2019,2020. 3분기
356,567,부광약품,3000,B,C,C,B+,2019,2020. 3분기
357,566,부국증권,1270,C,D,B,C,2019,2020. 3분기(금융회사)
358,565,부국철강,26940,C,D,C,B,2019,2020. 3분기
359,564,부산도시가스,15350,B,C,B+,B,2019,2020. 3분기
360,563,부산산업,11390,D,D,D,C,2019,2020. 3분기
361,562,부산은행,5280,,,,A,2019,2020. 3분기(금융회사)
362,561,부산주공,5030,C,B,D,C,2019,2020. 3분기
363,560,비상교육,100220,B,D,B+,B+,2019,2020. 3분기
364,559,비에이치,90460,C,D,B,B,2019,2020. 3분기
365,558,비티원,101140,B,D,B,B,2019,2020. 3분기
366,557,빙그레,5180,A,B+,A,A,2019,2020. 3분기
367,556,사조대림,3960,C,D,B,C,2019,2020. 3분기
368,555,사조동아원,8040,C,D,B,B,2019,2020. 3분기
369,554,사조산업,7160,C,D,B,D,2019,2020. 3분기
370,553,사조씨푸드,14710,C,D,C,C,2019,2020. 3분기
371,552,사조오양,6090,C,D,B,C,2019,2020. 3분기
372,551,삼광글라스,5090,C,C,C,B,2019,2020. 3분기
373,550,삼부토건,1470,C,C,B,B,2019,2020. 3분기
374,549,삼성SDI,6400,A,B+,A+,B+,2019,2020. 3분기
375,548,삼성공조,6660,C,C,C,B,2019,2020. 3분기
376,547,삼성물산,28260,A,A+,A,A,2019,2020. 3분기
377,546,삼성바이오로직스,207940,B+,C,A,B+,2019,2020. 3분기
378,545,삼성생명,32830,B+,A,A,B+,2019,2020. 3분기(금융회사)
379,544,삼성에스디에스,18260,B+,B+,A,B+,2019,2020. 3분기
380,543,삼성엔지니어링,28050,A,A,A+,A,2019,2020. 3분기
381,542,삼성전기,9150,A,A,A+,A,2019,2020. 3분기
382,541,삼성전자,5930,B+,B+,B+,B,2019,2020. 3분기
383,540,삼성제약,1360,C,B,C,D,2019,2020. 3분기
384,539,삼성중공업,10140,B+,B+,B+,B+,2019,2020. 3분기
385,538,삼성증권,16360,B+,B,A,B,2019,2020. 3분기(금융회사)
386,537,삼성출판사,68290,C,D,C,C,2019,2020. 3분기
387,536,삼성카드,29780,B,D,B+,B+,2019,2020. 3분기(금융회사)
388,535,삼성화재해상보험,810,A,A+,A+,A,2019,2020. 3분기(금융회사)
389,534,삼아알미늄,6110,B,B+,C,B,2019,2020. 3분기
390,533,삼양사,145990,B+,B+,B+,B,2019,2020. 3분기
391,532,삼양식품,3230,C,C,B,D,2019,2020. 3분기
392,531,삼양통상,2170,B,B,C,B,2019,2020. 3분기
393,530,삼양패키징,272550,B+,B,B+,B+,2019,2020. 3분기
394,529,삼양홀딩스,70,C,B,B+,D,2019,2020. 3분기
395,528,삼영무역,2810,C,D,C,C,2019,2020. 3분기
396,527,삼영전자공업,5680,B,B,B+,B,2019,2020. 3분기
397,526,삼영화학공업,3720,B,B,C,B,2019,2020. 3분기
398,525,삼원강재,23000,B,B,C,B,2019,2020. 3분기
399,524,삼익THK,4380,C,B,B,C,2019,2020. 3분기
400,523,삼익악기,2450,C,D,C,C,2019,2020. 3분기
401,522,삼일제약,520,C,C,C,B,2019,2020. 3분기
402,521,삼정펄프,9770,C,C,B,C,2019,2020. 3분기
403,520,삼진제약,5500,B,D,B+,B,2019,2020. 3분기
404,519,삼천당제약,250,C,D,B,C,2019,2020. 3분기
405,518,삼천리,4690,B+,B,A,B+,2019,2020. 3분기
406,517,삼호,1880,B+,B,B+,B+,2019,2020. 3분기
407,516,삼호개발,10960,C,D,C,B,2019,2020. 3분기
408,515,삼화왕관,4450,B,B+,C,B,2019,2020. 3분기
409,514,삼화전기,9470,C,C,C,B,2019,2020. 3분기
410,513,삼화전자공업,11230,C,D,B,B,2019,2020. 3분기
411,512,삼화콘덴서공업,1820,B,B,B,B,2019,2020. 3분기
412,511,삼화페인트공업,390,B+,B,B+,B+,2019,2020. 3분기
413,510,상상인,38540,C,D,C,C,2019,2020. 3분기
414,509,상상인증권,1290,C,D,B,D,2019,2020. 3분기(금융회사)
415,508,상신브레이크,41650,B,B,B,B,2019,2020. 3분기
416,507,새론오토모티브,75180,C,B,C,C,2019,2020. 3분기
417,506,샘표,7540,C,B,B+,C,2019,2020. 3분기
418,505,샘표식품,248170,B+,B+,B+,B,2019,2020. 3분기
419,504,서부T&D,6730,C,D,C,C,2019,2020. 3분기
420,503,서연,7860,B+,C,B+,B+,2019,2020. 3분기
421,502,서연이화,200880,B+,B,B+,B+,2019,2020. 3분기
422,501,서울도시가스,17390,B,C,B+,B,2019,2020. 3분기
423,500,서울반도체,46890,B,B+,B,B,2019,2020. 3분기
424,499,서울보증보험,813002,,,,B,2019,2020. 3분기(금융회사)
425,498,서울식품공업,4410,C,B,B,C,2019,2020. 3분기
426,497,서원,21050,B,B,C,B,2019,2020. 3분기
427,496,서흥,8490,C,C,C,C,2019,2020. 3분기
428,495,선도전기,7610,C,B,B,C,2019,2020. 3분기
429,494,선진,136490,B,D,B,B+,2019,2020. 3분기
430,493,선창산업,2820,B,B,B+,B,2019,2020. 3분기
431,492,성문전자,14910,C,C,C,C,2019,2020. 3분기
432,491,성보화학,3080,C,D,B,B,2019,2020. 3분기
433,490,성신양회,4980,B,B,C,B,2019,2020. 3분기
434,489,성안,11300,D,D,C,C,2019,2020. 3분기
435,488,성창기업지주,180,C,D,C,C,2019,2020. 3분기
436,487,세기상사,2420,B,D,B,B,2019,2020. 3분기
437,486,세방,4360,C,B,B,C,2019,2020. 3분기
438,485,세방전지,4490,B,B+,B,B,2019,2020. 3분기
439,484,세아베스틸,1430,C,B,B,C,2019,2020. 3분기
440,483,세아제강지주,3030,B,D,B,B,2019,2020. 3분기
441,482,세아특수강,19440,B,B,C,B,2019,2020. 3분기
442,481,세아홀딩스,58650,B,C,B,B,2019,2020. 3분기
443,480,세우글로벌,13000,C,B,C,C,2019,2020. 3분기
444,479,세원셀론텍,91090,C,B,C,C,2019,2020. 3분기
445,478,세원정공,21820,D,C,C,D,2019,2020. 3분기
446,477,세이브존I&C,67830,C,D,C,C,2019,2020. 3분기
447,476,세종공업,33530,C,B,B,D,2019,2020. 3분기
448,475,세진중공업,75580,B,D,B,B+,2019,2020. 3분기
449,474,세하,27970,B,B+,B,B,2019,2020. 3분기
450,473,세화아이엠씨,145210,D,D,D,C,2019,2020. 3분기
451,472,셀트리온,68270,B+,B,B,B+,2019,2020. 3분기
452,471,셀트리온제약,68760,C,D,C,B,2019,2020. 3분기
453,470,셀트리온헬스케어,91990,B,D,B,B+,2019,2020. 3분기
454,469,솔브레인,36830,B,B,B,B,2019,2020. 3분기
455,468,송원산업,4430,C,B,B+,C,2019,2020. 3분기
456,467,수산중공업,17550,B,B,B,B,2019,2020. 3분기
457,466,스튜디오드래곤,253450,B,D,C,B+,2019,2020. 3분기
458,465,시그네틱스,33170,C,B+,B,C,2019,2020. 3분기
459,464,시디즈,134790,C,D,C,C,2019,2020. 3분기
460,463,신대양제지,16590,C,C,B,C,2019,2020. 3분기
461,462,신도리코,29530,B+,B,B+,B+,2019,2020. 3분기
462,461,신라교역,4970,C,D,B,C,2019,2020. 3분기
463,460,신라젠,215600,C,D,D,B,2019,2020. 3분기
464,459,신성이엔지,11930,B,B,B,B,2019,2020. 3분기
465,458,신성통상,5390,D,D,D,C,2019,2020. 3분기
466,457,신세계,4170,B+,B+,A,B+,2019,2020. 3분기
467,456,신세계I&C,35510,B+,B,B+,B+,2019,2020. 3분기
468,455,신세계건설,34300,B,C,B,B+,2019,2020. 3분기
469,454,신세계인터내셔날,31430,B+,B,A,B+,2019,2020. 3분기
470,453,신세계푸드,31440,B+,B,B+,B+,2019,2020. 3분기
471,452,신송홀딩스,6880,B,D,B,B,2019,2020. 3분기
472,451,신영와코루,5800,C,D,B,C,2019,2020. 3분기
473,450,신영증권,1720,B,C,B,B+,2019,2020. 3분기(금융회사)
474,449,신원,9270,D,D,C,D,2019,2020. 3분기
475,448,신일산업,2700,C,D,B,B,2019,2020. 3분기
476,447,신풍제약,19170,B,C,B,B+,2019,2020. 3분기
477,446,신풍제지,2870,B+,B+,B,B+,2019,2020. 3분기
478,445,신한,5450,D,C,C,D,2019,2020. 3분기
479,444,신한금융투자,8670,,,,B,2019,2020. 3분기(금융회사)
480,443,신한생명보험,828992,,,,B+,2019,2020. 3분기(금융회사)
481,442,신한은행,10,,,,B+,2019,2020. 3분기(금융회사)
482,441,신한지주,55550,A+,A+,B+,A+,2019,2020. 3분기(금융회사)
483,440,신한카드,32710,,,,A,2019,2020. 3분기(금융회사)
484,439,신한캐피탈,811323,,,,B+,2019,2020. 3분기(금융회사)
485,438,신화실업,1770,D,D,C,D,2019,2020. 3분기
486,437,신화인터텍,56700,C,B,B,C,2019,2020. 3분기
487,436,신흥,4080,B,D,B,B,2019,2020. 3분기
488,435,실리콘웍스,108320,B,C,B+,B+,2019,2020. 3분기
489,434,쌍방울,102280,C,D,B,C,2019,2020. 3분기
490,433,쌍용양회공업,3410,B+,B+,B+,B+,2019,2020. 3분기
491,432,쌍용자동차,3620,B,B+,B,B,2019,2020. 3분기
492,431,써니전자,4770,C,C,B,B,2019,2020. 3분기
493,430,씨아이테크,4920,C,D,C,C,2019,2020. 3분기
494,429,씨에스윈드,112610,B,B,C,B+,2019,2020. 3분기
495,428,씨젠,96530,C,C,C,C,2019,2020. 3분기
496,427,씨티은행,16830,,,,A,2019,2020. 3분기(금융회사)
497,426,아남전자,8700,C,C,C,C,2019,2020. 3분기
498,425,아모레퍼시픽,90430,A,A,A+,B+,2019,2020. 3분기
499,424,아모레퍼시픽그룹,2790,A,A,A+,B+,2019,2020. 3분기
500,423,아미코젠,92040,C,C,B,C,2019,2020. 3분기
501,422,아세아,2030,C,B,B,C,2019,2020. 3분기
502,421,아세아시멘트,183190,B,A,A,C,2019,2020. 3분기
503,420,아세아제지,2310,B,B,C,B,2019,2020. 3분기
504,419,아시아나항공,20560,B,B+,B+,C,2019,2020. 3분기
505,418,아이마켓코리아,122900,B,D,B+,B+,2019,2020. 3분기
506,417,아이비케이연금보험,829322,,,,B,2019,2020. 3분기(금융회사)
507,416,아이에스동서,10780,C,B,D,B,2019,2020. 3분기
508,415,아이에이치큐,3560,B,D,C,B+,2019,2020. 3분기
509,414,아주캐피탈,33660,B,D,B+,B+,2019,2020. 3분기(금융회사)
510,413,아트라스BX,23890,B+,B,B,B+,2019,2020. 3분기
511,412,안랩,53800,B,D,B+,B+,2019,2020. 3분기
512,411,알루코,1780,C,C,B,B,2019,2020. 3분기
513,410,애경유화,161000,B,B+,C,B,2019,2020. 3분기
514,409,에넥스,11090,C,B,B+,C,2019,2020. 3분기
515,408,에버다임,41440,B+,B,B+,B+,2019,2020. 3분기
516,407,에스에프에이,56190,B+,B,B,B+,2019,2020. 3분기
517,406,에스엘,5850,C,B,B+,D,2019,2020. 3분기
518,405,에스엠,41510,C,D,B,C,2019,2020. 3분기
519,404,에스엠코어,7820,B,B,C,B,2019,2020. 3분기
520,403,에스원,12750,B+,B,B+,B+,2019,2020. 3분기
521,402,에스제이엠,123700,C,C,B,B,2019,2020. 3분기
522,401,에스제이엠홀딩스,25530,B,C,B,B+,2019,2020. 3분기
523,400,에스티팜,237690,B,D,B,B+,2019,2020. 3분기
524,399,에쓰씨엔지니어링,23960,C,B,C,C,2019,2020. 3분기
525,398,에이블씨엔씨,78520,D,D,C,C,2019,2020. 3분기
526,397,에이비엘생명보험,804337,,,,B,2019,2020. 3분기(금융회사)
527,396,에이아이에이생명보험,801688,,,,B,2019,2020. 3분기(금융회사)
528,395,에이엔피,15260,C,B,C,D,2019,2020. 3분기
529,394,에이치엘비,28300,C,D,C,C,2019,2020. 3분기
530,393,에이프로젠 KIC,7460,C,B,D,C,2019,2020. 3분기
531,392,에이프로젠제약,3060,D,C,C,D,2019,2020. 3분기
532,391,에코프로,86520,B,C,B+,B,2019,2020. 3분기
533,390,엔씨소프트,36570,B,D,B,B+,2019,2020. 3분기
534,389,엔에스쇼핑,138250,B,D,B+,B+,2019,2020. 3분기
535,388,엔에이치엔,181710,B,D,B,B+,2019,2020. 3분기
536,387,엔케이,85310,C,B,C,D,2019,2020. 3분기
537,386,엔케이물산,9810,C,D,C,C,2019,2020. 3분기
538,385,엔피씨,4250,C,C,C,C,2019,2020. 3분기
539,384,엘앤에프,66970,C,B,B+,C,2019,2020. 3분기
540,383,영보화학,14440,B,B,B,B,2019,2020. 3분기
541,382,영원무역,111770,C,D,C,B,2019,2020. 3분기
542,381,영원무역홀딩스,9970,C,D,C,B,2019,2020. 3분기
543,380,영진약품,3520,B,C,B,B,2019,2020. 3분기
544,379,영풍,670,D,D,C,C,2019,2020. 3분기
545,378,영풍정밀,36560,B,B,C,B+,2019,2020. 3분기
546,377,영풍제지,6740,C,B,C,C,2019,2020. 3분기
547,376,영화금속,12280,C,C,C,B,2019,2020. 3분기
548,375,영흥철강,12160,C,C,B,B,2019,2020. 3분기
549,374,예스코홀딩스,15360,B,D,B+,B+,2019,2020. 3분기
550,373,오뚜기,7310,B+,B+,A,B+,2019,2020. 3분기
551,372,오렌지라이프,79440,B,D,B+,B+,2019,2020. 3분기(금융회사)
552,371,오리엔트바이오,2630,B,B,B,B,2019,2020. 3분기
553,370,오리온,271560,B+,B,B,B+,2019,2020. 3분기
554,369,오리온홀딩스,1800,B+,C,B+,B+,2019,2020. 3분기
555,368,오리콤,10470,B,D,B,B,2019,2020. 3분기
556,367,오스템임플란트,48260,B,D,B,B+,2019,2020. 3분기
557,366,와이지-원,19210,B,D,B+,B+,2019,2020. 3분기
558,365,와이지엔터테인먼트,122870,C,D,B,C,2019,2020. 3분기
559,364,용평리조트,70960,B,B,B,B,2019,2020. 3분기
560,363,우리들제약,4720,C,C,B,C,2019,2020. 3분기
561,362,우리들휴브레인,118000,C,D,B,C,2019,2020. 3분기
562,361,우리은행,30,,,,C,2019,2020. 3분기(금융회사)
563,360,우리종금,10050,C,D,C,C,2019,2020. 3분기(금융회사)
564,359,우리카드,879070,,,,B+,2019,2020. 3분기(금융회사)
565,358,우성사료,6980,C,D,B,C,2019,2020. 3분기
566,357,우신시스템,17370,B,B,C,B,2019,2020. 3분기
567,356,우진,105840,B,B,B,B,2019,2020. 3분기
568,355,우진플라임,49800,B,B,B,B,2019,2020. 3분기
569,354,웅진,16880,C,D,B,C,2019,2020. 3분기
570,353,웅진씽크빅,95720,B,D,B,B+,2019,2020. 3분기
571,352,웅진코웨이,21240,A,A+,A,B+,2019,2020. 3분기
572,351,원림,5820,C,D,C,B,2019,2020. 3분기
573,350,원익IPS,240810,C,C,B+,C,2019,2020. 3분기
574,349,원익홀딩스,30530,C,C,B+,C,2019,2020. 3분기
575,348,웰바이오텍,10600,C,D,C,C,2019,2020. 3분기
576,347,웹젠,69080,C,D,B,C,2019,2020. 3분기
577,346,위메이드,112040,B,D,B,B,2019,2020. 3분기
578,345,윌비스,8600,C,D,C,C,2019,2020. 3분기
579,344,유나이티드,33270,B+,B,A,B,2019,2020. 3분기
580,343,유니드,14830,B,B,C,B,2019,2020. 3분기
581,342,유니온,910,C,C,B+,C,2019,2020. 3분기
582,341,유니온머티리얼,47400,C,C,B,B,2019,2020. 3분기
583,340,유니켐,11330,B,B,C,B+,2019,2020. 3분기
584,339,유니퀘스트,77500,B,D,C,B+,2019,2020. 3분기
585,338,유성기업,2920,C,B,B,C,2019,2020. 3분기
586,337,유수홀딩스,700,B,D,B+,B+,2019,2020. 3분기
587,336,유안타증권,3470,B,D,B,B,2019,2020. 3분기(금융회사)
588,335,유양디앤유,11690,C,B,B,C,2019,2020. 3분기
589,334,유엔젤,72130,C,B,C,C,2019,2020. 3분기
590,333,유유제약,220,B,B,C,B+,2019,2020. 3분기
591,332,유진기업,23410,D,C,C,D,2019,2020. 3분기
592,331,유진증권,1200,C,D,C,B,2019,2020. 3분기(금융회사)
593,330,유진테크,84370,B,D,B+,B,2019,2020. 3분기
594,329,유한양행,100,B+,B+,B+,B+,2019,2020. 3분기
595,328,유화증권,3460,D,D,C,D,2019,2020. 3분기(금융회사)
596,327,율촌화학,8730,B,C,B+,B+,2019,2020. 3분기
597,326,이건산업,8250,C,C,C,C,2019,2020. 3분기
598,325,이구산업,25820,B,B,C,B,2019,2020. 3분기
599,324,이노션,214320,B+,C,B+,B+,2019,2020. 3분기
600,323,이녹스첨단소재,272290,C,C,C,B,2019,2020. 3분기
601,322,이니텍,53350,C,D,B,C,2019,2020. 3분기
602,321,이마트,139480,B+,B+,A,B+,2019,2020. 3분기
603,320,이베스트투자증권,78020,B,D,B,B,2019,2020. 3분기(금융회사)
604,319,이수페타시스,7660,B,B+,B+,C,2019,2020. 3분기
605,318,이수화학,5950,C,B,B,C,2019,2020. 3분기
606,317,이스타코,15020,C,D,C,C,2019,2020. 3분기
607,316,이아이디,93230,D,D,D,C,2019,2020. 3분기
608,315,이연제약,102460,B,C,B,B+,2019,2020. 3분기
609,314,이오테크닉스,39030,C,B,B,C,2019,2020. 3분기
610,313,이월드,84680,C,D,C,C,2019,2020. 3분기
611,312,이테크건설,16250,B,B,B,B,2019,2020. 3분기
612,311,이화산업,760,C,C,C,C,2019,2020. 3분기
613,310,인디에프,14990,C,D,B,C,2019,2020. 3분기
614,309,인바디,41830,C,D,C,B,2019,2020. 3분기
615,308,인스코비,6490,C,B,B,C,2019,2020. 3분기
616,307,인지컨트롤스,23800,C,B,B,C,2019,2020. 3분기
617,306,인천도시가스,34590,B,D,B,B+,2019,2020. 3분기
618,305,인터지스,129260,B+,B,B+,B+,2019,2020. 3분기
619,304,인터플렉스,51370,C,B,B,C,2019,2020. 3분기
620,303,인트론바이오,48530,B,B,C,B,2019,2020. 3분기
621,302,인팩,23810,C,C,B,B,2019,2020. 3분기
622,301,일동제약,249420,B+,C,A,A,2019,2020. 3분기
623,300,일동홀딩스,230,B+,C,A,B+,2019,2020. 3분기
624,299,일성건설,13360,C,B,C,C,2019,2020. 3분기
625,298,일성신약,3120,B,C,B,B,2019,2020. 3분기
626,297,일신방직,3200,C,C,C,B+,2019,2020. 3분기
627,296,일신석재,7110,D,D,C,C,2019,2020. 3분기
628,295,일양약품,7570,B,C,B,B,2019,2020. 3분기
629,294,일정실업,8500,C,B,C,C,2019,2020. 3분기
630,293,일진다이아,81000,C,C,B,B,2019,2020. 3분기
631,292,일진디스플,20760,B,B,C,B,2019,2020. 3분기
632,291,일진머티리얼즈,20150,B,B,B,B,2019,2020. 3분기
633,290,일진전기,103590,C,B,D,B,2019,2020. 3분기
634,289,일진홀딩스,15860,C,C,D,B,2019,2020. 3분기
635,288,잇츠한불,226320,B,B,B,B,2019,2020. 3분기
636,287,자화전자,33240,B,B,B,B,2019,2020. 3분기
637,286,전방,950,C,C,B,C,2019,2020. 3분기
638,285,전북은행,6350,,,,A,2019,2020. 3분기(금융회사)
639,284,제낙스,65620,D,D,C,D,2019,2020. 3분기
640,283,제넥신,95700,C,D,B,B,2019,2020. 3분기
641,282,제이비우리캐피탈,818905,,,,A,2019,2020. 3분기(금융회사)
642,281,제이에스코퍼레이션,194370,C,D,C,B+,2019,2020. 3분기
643,280,제이준코스메틱,25620,C,D,C,B,2019,2020. 3분기
644,279,제이콘텐트리,36420,C,D,B,C,2019,2020. 3분기
645,278,제일기획,30000,B,D,B+,B+,2019,2020. 3분기
646,277,제일약품,271980,C,D,B,B,2019,2020. 3분기
647,276,제일연마,1560,C,C,D,B+,2019,2020. 3분기
648,275,제일파마홀딩스,2620,B,D,B,B,2019,2020. 3분기
649,274,제주은행,6220,B+,C,B+,B+,2019,2020. 3분기(금융회사)
650,273,제주항공,89590,B,C,B,B+,2019,2020. 3분기
651,272,조광페인트,4910,C,C,B,B,2019,2020. 3분기
652,271,조광피혁,4700,B,B,B,B,2019,2020. 3분기
653,270,조비,1550,C,D,B,C,2019,2020. 3분기
654,269,조선내화,480,B,B,B,B,2019,2020. 3분기
655,268,조선선재,120030,C,D,C,B,2019,2020. 3분기
656,267,조일알미늄,18470,C,B,C,C,2019,2020. 3분기
657,266,조흥,2600,B,B,C,B,2019,2020. 3분기
658,265,종근당,185750,B,C,B+,B,2019,2020. 3분기
659,264,종근당바이오,63160,C,B,B,C,2019,2020. 3분기
660,263,종근당홀딩스,1630,B,C,B+,B,2019,2020. 3분기
661,262,주성엔지니어링,36930,B+,B+,B+,B+,2019,2020. 3분기
662,261,주연테크,44380,C,C,B,C,2019,2020. 3분기
663,260,지니뮤직,43610,B,D,B,B,2019,2020. 3분기
664,259,지엠비코리아,13870,C,C,C,B,2019,2020. 3분기
665,258,지역난방공사,71320,B+,B+,A,B,2019,2020. 3분기
666,257,지코,10580,C,C,C,B,2019,2020. 3분기
667,256,지투알,35000,B,D,B+,B+,2019,2020. 3분기
668,255,지트리비앤티,115450,C,D,C,B,2019,2020. 3분기
669,254,진도,88790,C,D,C,C,2019,2020. 3분기
670,253,진양산업,3780,C,D,C,B,2019,2020. 3분기
671,252,진양폴리우레탄,10640,D,D,C,C,2019,2020. 3분기
672,251,진양홀딩스,100250,B,D,C,B+,2019,2020. 3분기
673,250,진양화학,51630,D,D,C,C,2019,2020. 3분기
674,249,진에어,272450,B,C,C,B+,2019,2020. 3분기
675,248,진원생명과학,11000,C,C,C,C,2019,2020. 3분기
676,247,진흥기업,2780,B,B,B,B,2019,2020. 3분기
677,246,차바이오텍,85660,C,C,B,C,2019,2020. 3분기
678,245,참엔지니어링,9310,C,B,B,D,2019,2020. 3분기
679,244,천일고속,650,B,C,B,B+,2019,2020. 3분기
680,243,청호컴넷,12600,B,B,C,B,2019,2020. 3분기
681,242,체시스,33250,C,C,B,B,2019,2020. 3분기
682,241,카카오,35720,B,D,B+,B+,2019,2020. 3분기
683,240,카프로,6380,B,B,B,B,2019,2020. 3분기
684,239,컨버즈,109070,D,C,C,D,2019,2020. 3분기
685,238,컴투스,78340,B,D,B,B,2019,2020. 3분기
686,237,케어젠,214370,C,D,C,B,2019,2020. 3분기
687,236,케이디비생명보험,807958,,,,B,2019,2020. 3분기(금융회사)
688,235,케이뱅크은행,800172,,,,A,2019,2020. 3분기(금융회사)
689,234,케이비아이동국실업,1620,C,B,C,C,2019,2020. 3분기
690,233,케이씨,29460,B,B,B+,B,2019,2020. 3분기
691,232,케이씨씨,2380,B,B+,A,C,2019,2020. 3분기
692,231,케이씨텍,281820,B,B,B+,B,2019,2020. 3분기
693,230,케이씨티시,9070,B,B,B+,B,2019,2020. 3분기
694,229,케이티,30200,B+,A,B,B+,2019,2020. 3분기
695,228,케이티스카이라이프,53210,B+,C,B+,B+,2019,2020. 3분기
696,227,케이티앤지,33780,A+,B+,A+,A+,2019,2020. 3분기
697,226,코리아써키트,7810,C,B,B,C,2019,2020. 3분기
698,225,코리아오토글라스,152330,B,B,C,B,2019,2020. 3분기
699,224,코리안리,3690,B,D,B,B+,2019,2020. 3분기(금융회사)
700,223,코미팜,41960,C,C,C,B,2019,2020. 3분기
701,222,코스맥스,192820,B,B,B,B,2019,2020. 3분기
702,221,코스맥스비티아이,44820,B,C,B,B+,2019,2020. 3분기
703,220,코스맥스엔비티,222040,C,D,B,B,2019,2020. 3분기
704,219,코스모신소재,5070,B+,B+,B,B+,2019,2020. 3분기
705,218,코스모화학,5420,C,B,C,C,2019,2020. 3분기
706,217,코아스,71950,B,B,C,B,2019,2020. 3분기
707,216,코오롱,2020,C,C,B,C,2019,2020. 3분기
708,215,코오롱글로벌,3070,B,C,B,B+,2019,2020. 3분기
709,214,코오롱머티리얼,144620,C,C,B,B,2019,2020. 3분기
710,213,코오롱생명과학,102940,D,C,D,D,2019,2020. 3분기
711,212,코오롱인더,120110,B+,B+,B+,B+,2019,2020. 3분기
712,211,코오롱플라스틱,138490,B+,B+,B+,B+,2019,2020. 3분기
713,210,코웰패션,33290,C,C,B,C,2019,2020. 3분기
714,209,콜마비앤에이치,200130,C,D,C,B+,2019,2020. 3분기
715,208,콤텍시스템,31820,C,D,B,C,2019,2020. 3분기
716,207,쿠쿠홀딩스,192400,C,D,C,B,2019,2020. 3분기
717,206,큐로,15590,B,B,C,B,2019,2020. 3분기
718,205,크라운제과,264900,B,D,B+,B,2019,2020. 3분기
719,204,크라운해태홀딩스,5740,B,D,B+,B,2019,2020. 3분기
720,203,크리스탈,83790,C,D,C,B+,2019,2020. 3분기
721,202,클리오,237880,C,D,C,B+,2019,2020. 3분기
722,201,키다리스튜디오,20120,B,B,B,B,2019,2020. 3분기
723,200,키움증권,39490,B,D,B,B,2019,2020. 3분기(금융회사)
724,199,키위미디어그룹,12170,C,D,B,C,2019,2020. 3분기
725,198,태경산업,15890,C,C,C,B,2019,2020. 3분기
726,197,태경화학,6890,D,D,C,C,2019,2020. 3분기
727,196,태광산업,3240,C,C,B+,C,2019,2020. 3분기
728,195,태림포장,11280,C,B,C,C,2019,2020. 3분기
729,194,태양금속공업,4100,B,B+,B,B,2019,2020. 3분기
730,193,태영건설,9410,B,C,B,B+,2019,2020. 3분기
731,192,태원물산,1420,C,C,C,B,2019,2020. 3분기
732,191,태평양물산,7980,C,D,B+,B,2019,2020. 3분기
733,190,테스,95610,C,D,B,B,2019,2020. 3분기
734,189,테이팩스,55490,C,C,B,C,2019,2020. 3분기
735,188,텔코웨어,78000,C,D,C,B,2019,2020. 3분기
736,187,텔콘RF제약,200230,D,D,C,C,2019,2020. 3분기
737,186,토니모리,214420,C,D,C,B+,2019,2020. 3분기
738,185,톱텍,108230,C,C,C,C,2019,2020. 3분기
739,184,티비에이치글로벌,84870,B,C,B+,B,2019,2020. 3분기
740,183,티씨케이,64760,C,C,B,C,2019,2020. 3분기
741,182,티에이치엔,19180,C,C,B,B,2019,2020. 3분기
742,181,티웨이홀딩스,4870,C,D,B,D,2019,2020. 3분기
743,180,티케이케미칼,104480,C,B,B,C,2019,2020. 3분기
744,179,파라다이스,34230,B,D,B,B,2019,2020. 3분기
745,178,파마리서치프로덕트,214450,C,D,B,B,2019,2020. 3분기
746,177,파미셀,5690,B,B,C,B,2019,2020. 3분기
747,176,파트론,91700,B,C,B+,B,2019,2020. 3분기
748,175,팜스코,36580,B,D,B,B+,2019,2020. 3분기
749,174,팬오션,28670,B,B,C,B+,2019,2020. 3분기
750,173,퍼스텍,10820,B,B,B,B,2019,2020. 3분기
751,172,퍼시스,16800,B,B,B,B,2019,2020. 3분기
752,171,펄어비스,263750,C,D,C,B,2019,2020. 3분기
753,170,페이퍼코리아,1020,C,B,B,C,2019,2020. 3분기
754,169,펩트론,87010,B,D,B,B+,2019,2020. 3분기
755,168,평화산업,90080,B,B,B,B,2019,2020. 3분기
756,167,평화홀딩스,10770,B,C,B,B,2019,2020. 3분기
757,166,포스코,5490,A,B,B+,A+,2019,2020. 3분기
758,165,포스코 ICT,22100,B,B,B+,B,2019,2020. 3분기
759,164,포스코강판,58430,B+,B+,A,B+,2019,2020. 3분기
760,163,포스코엠텍,9520,B+,B,A,B+,2019,2020. 3분기
761,162,포스코인터내셔널,47050,A+,A,A+,A+,2019,2020. 3분기
762,161,포스코케미칼,3670,B+,B,B+,B+,2019,2020. 3분기
763,160,푸르덴셜생명보험,839185,,,,B+,2019,2020. 3분기(금융회사)
764,159,푸본현대생명보험,860086,,,,B+,2019,2020. 3분기(금융회사)
765,158,풀무원,17810,A+,A,A+,A+,2019,2020. 3분기
766,157,풍산,103140,B+,B+,B+,B+,2019,2020. 3분기
767,156,풍산홀딩스,5810,B+,B,B+,B+,2019,2020. 3분기
768,155,피에스케이홀딩스,31980,C,D,B,C,2019,2020. 3분기
769,154,필룩스,33180,B,B,B,B,2019,2020. 3분기
770,153,하나금융지주,86790,A,A,A,A,2019,2020. 3분기(금융회사)
771,152,하나금융투자,805992,,,,B+,2019,2020. 3분기(금융회사)
772,151,하나은행,4940,,,,B,2019,2020. 3분기(금융회사)
773,150,하나카드,856659,,,,B+,2019,2020. 3분기(금융회사)
774,149,하나캐피탈,809337,,,,B+,2019,2020. 3분기(금융회사)
775,148,하나투어,39130,B,D,B,B,2019,2020. 3분기
776,147,하림,136480,B,C,B+,B+,2019,2020. 3분기
777,146,하림지주,3380,B,C,B,B+,2019,2020. 3분기
778,145,하이스틸,71090,C,C,C,C,2019,2020. 3분기
779,144,하이투자증권,814270,,,,A,2019,2020. 3분기(금융회사)
780,143,하이트론씨스템즈,19490,C,D,C,B,2019,2020. 3분기
781,142,하이트진로,80,B,B,B+,B,2019,2020. 3분기
782,141,하이트진로홀딩스,140,B,C,B+,B,2019,2020. 3분기
783,140,한국가스공사,36460,A,B+,A+,B+,2019,2020. 3분기
784,139,한국공항,5430,B,C,B,B,2019,2020. 3분기
785,138,한국금융지주,71050,B,D,B+,B+,2019,2020. 3분기(금융회사)
786,137,한국내화,10040,D,D,C,D,2019,2020. 3분기
787,136,한국단자공업,25540,C,C,C,C,2019,2020. 3분기
788,135,한국석유공업,4090,C,C,B,B,2019,2020. 3분기
789,134,한국수출포장공업,2200,C,B+,D,C,2019,2020. 3분기
790,133,한국쉘석유,2960,C,C,C,B+,2019,2020. 3분기
791,132,한국스탠다드차타드은행,110,,,,A+,2019,2020. 3분기(금융회사)
792,131,한국자산신탁,123890,C,D,C,C,2019,2020. 3분기(금융회사)
793,130,한국전력공사,15760,B+,B,B+,B+,2019,2020. 3분기
794,129,한국전자홀딩스,6200,B,C,B,B,2019,2020. 3분기
795,128,한국정보통신,25770,C,D,C,B,2019,2020. 3분기
796,127,한국제지,2300,B+,B+,B+,B,2019,2020. 3분기
797,126,한국종합기술,23350,B,B,C,B+,2019,2020. 3분기
798,125,한국주강,25890,C,D,C,C,2019,2020. 3분기
799,124,한국주철관공업,970,C,C,C,B,2019,2020. 3분기
800,123,한국철강,104700,B,B+,C,B+,2019,2020. 3분기
801,122,한국카본,17960,B,B,B,B,2019,2020. 3분기
802,121,한국카카오은행,800197,,,,B+,2019,2020. 3분기(금융회사)
803,120,한국캐피탈,23760,D,D,C,D,2019,2020. 3분기(금융회사)
804,119,한국콜마,161890,B,B,B,B,2019,2020. 3분기
805,118,한국콜마홀딩스,24720,B+,B,B,B+,2019,2020. 3분기
806,117,한국타이어,161390,B+,A,A+,B,2019,2020. 3분기
807,116,한국테크놀로지그룹,240,B+,B+,A+,B,2019,2020. 3분기
808,115,한국토지신탁,34830,C,D,C,C,2019,2020. 3분기(금융회사)
809,114,한국투자증권,804504,,,,B,2019,2020. 3분기(금융회사)
810,113,한국프랜지공업,10100,C,B,B,C,2019,2020. 3분기
811,112,한국항공우주,47810,A,B+,A+,A,2019,2020. 3분기
812,111,한국화장품,123690,B,D,B,B,2019,2020. 3분기
813,110,한국화장품제조,3350,C,C,B,C,2019,2020. 3분기
814,109,한농화성,11500,B,B,C,B,2019,2020. 3분기
815,108,한독,2390,B+,B+,B+,B+,2019,2020. 3분기
816,107,한라,14790,B,B,B,B,2019,2020. 3분기
817,106,한라홀딩스,60980,B+,B,B+,B+,2019,2020. 3분기
818,105,한미글로벌,53690,B+,B,B,B+,2019,2020. 3분기
819,104,한미반도체,42700,C,D,C,B,2019,2020. 3분기
820,103,한미사이언스,8930,C,B,A,D,2019,2020. 3분기
821,102,한미약품,128940,B+,B+,A+,B,2019,2020. 3분기
822,101,한샘,9240,B+,B,B+,B+,2019,2020. 3분기
823,100,한섬,20000,B,D,A,B+,2019,2020. 3분기
824,99,한성기업,3680,C,D,B,C,2019,2020. 3분기
825,98,한세실업,105630,B,C,B,B+,2019,2020. 3분기
826,97,한세엠케이,69640,C,C,C,B+,2019,2020. 3분기
827,96,한세예스24홀딩스,16450,B,C,B,B,2019,2020. 3분기
828,95,한솔로지스틱스,9180,B+,B,B+,A,2019,2020. 3분기
829,94,한솔시큐어,70300,B,D,B,B+,2019,2020. 3분기
830,93,한솔씨앤피,221610,C,B,C,C,2019,2020. 3분기
831,92,한솔인티큐브,70590,B,B,B,B,2019,2020. 3분기
832,91,한솔제지,213500,A,A,A,A,2019,2020. 3분기
833,90,한솔케미칼,14680,C,B,B,C,2019,2020. 3분기
834,89,한솔테크닉스,4710,B+,B,B+,A,2019,2020. 3분기
835,88,한솔피엔에스,10420,B,D,B+,B+,2019,2020. 3분기
836,87,한솔홀딩스,4150,B+,B,B+,A,2019,2020. 3분기
837,86,한솔홈데코,25750,A,B+,B+,A,2019,2020. 3분기
838,85,한신공영,4960,C,C,C,B,2019,2020. 3분기
839,84,한신기계공업,11700,B,B,C,B,2019,2020. 3분기
840,83,한양증권,1750,C,D,B+,C,2019,2020. 3분기(금융회사)
841,82,한온시스템,18880,B+,B+,B+,B+,2019,2020. 3분기
842,81,한올바이오파마,9420,B,D,B+,B+,2019,2020. 3분기
843,80,한익스프레스,14130,B,B,C,B,2019,2020. 3분기
844,79,한일철강,2220,D,D,C,C,2019,2020. 3분기
845,78,한일현대시멘트,6390,B,B,B,B,2019,2020. 3분기
846,77,한일홀딩스,3300,C,D,B+,B,2019,2020. 3분기
847,76,한전KPS,51600,B+,B+,B+,B+,2019,2020. 3분기
848,75,한전기술,52690,B+,B+,A,B+,2019,2020. 3분기
849,74,한전산업,130660,B,B+,B+,B,2019,2020. 3분기
850,73,한진,2320,B,B,B,B,2019,2020. 3분기
851,72,한진중공업,97230,C,C,C,B,2019,2020. 3분기
852,71,한진중공업홀딩스,3480,C,C,C,B,2019,2020. 3분기
853,70,한진칼,180640,C,B,A,C,2019,2020. 3분기
854,69,한창,5110,D,D,C,D,2019,2020. 3분기
855,68,한창제지,9460,C,B,B,D,2019,2020. 3분기
856,67,한화,880,B+,B,B+,A,2019,2020. 3분기
857,66,한화갤러리아타임월드,27390,B+,B+,A,B+,2019,2020. 3분기
858,65,한화생명,88350,B+,B+,A,B,2019,2020. 3분기(금융회사)
859,64,한화손해보험,370,B+,C,A,B+,2019,2020. 3분기(금융회사)
860,63,한화에어로스페이스,12450,B+,B+,B+,A,2019,2020. 3분기
861,62,한화케미칼,9830,B,C,A,B+,2019,2020. 3분기
862,61,한화투자증권,3530,B,D,A,B,2019,2020. 3분기(금융회사)
863,60,해성디에스,195870,A,A,A,A,2019,2020. 3분기
864,59,해태제과식품,101530,B,D,B+,B+,2019,2020. 3분기
865,58,핸즈코퍼레이션,143210,B,B,B,B+,2019,2020. 3분기
866,57,헬릭스미스,84990,C,D,C,B,2019,2020. 3분기
867,56,현대건설,720,A,A,A,B+,2019,2020. 3분기
868,55,현대건설기계,267270,B+,C,B+,A,2019,2020. 3분기
869,54,현대그린푸드,5440,A,B,A,A,2019,2020. 3분기
870,53,현대글로비스,86280,A,A,A,A,2019,2020. 3분기
871,52,현대로템,64350,B+,B,A,B+,2019,2020. 3분기
872,51,현대리바트,79430,A,B,A,A,2019,2020. 3분기
873,50,현대모비스,12330,A,A,A+,B+,2019,2020. 3분기
874,49,현대미포조선,10620,B+,B,A,B,2019,2020. 3분기
875,48,현대백화점,69960,A,B,A+,A,2019,2020. 3분기
876,47,현대비앤지스틸,4560,B+,B+,A,B,2019,2020. 3분기
877,46,현대상선,11200,B+,B+,B+,B+,2019,2020. 3분기
878,45,현대약품,4310,B,B,B+,B,2019,2020. 3분기
879,44,현대에이치씨엔,126560,B+,C,A,B+,2019,2020. 3분기
880,43,현대엘리베이터,17800,B+,B+,B+,B+,2019,2020. 3분기
881,42,현대위아,11210,B+,B,A,B+,2019,2020. 3분기
882,41,현대일렉트릭,267260,B+,B,A,B+,2019,2020. 3분기
883,40,현대자동차,5380,B+,A,A,B,2019,2020. 3분기
884,39,현대제철,4020,B+,B+,A,B+,2019,2020. 3분기
885,38,현대종합상사,11760,B,D,C,B+,2019,2020. 3분기
886,37,현대중공업,9540,A,A,B+,A,2019,2020. 3분기
887,36,현대중공업지주,267250,A,B+,A+,B+,2019,2020. 3분기
888,35,현대차증권,1500,B+,C,A,B+,2019,2020. 3분기(금융회사)
889,34,현대카드,815419,,,,A,2019,2020. 3분기(금융회사)
890,33,현대캐피탈,836248,,,,A+,2019,2020. 3분기(금융회사)
891,32,현대커머셜,888975,,,,A,2019,2020. 3분기(금융회사)
892,31,현대코퍼레이션홀딩스,227840,C,D,C,B,2019,2020. 3분기
893,30,현대해상,1450,A,A,A+,A,2019,2020. 3분기(금융회사)
894,29,현대홈쇼핑,57050,A,B,A,A,2019,2020. 3분기
895,28,형지엘리트,93240,C,D,B,C,2019,2020. 3분기
896,27,혜인,3010,C,B,B,C,2019,2020. 3분기
897,26,호전실업,111110,B,D,B,B+,2019,2020. 3분기
898,25,호텔신라,8770,A,A,A,A,2019,2020. 3분기
899,24,화성산업,2460,B,D,B,B+,2019,2020. 3분기
900,23,화승알앤에이,13520,B+,B+,B+,B+,2019,2020. 3분기
901,22,화승엔터프라이즈,241590,B,D,B,B+,2019,2020. 3분기
902,21,화승인더스트리,6060,B,B,B,B+,2019,2020. 3분기
903,20,화신,10690,C,D,B,C,2019,2020. 3분기
904,19,화인베스틸,133820,B,B,C,B+,2019,2020. 3분기
905,18,화천기계,10660,C,B,C,C,2019,2020. 3분기
906,17,화천기공,850,C,D,B,B,2019,2020. 3분기
907,16,환인제약,16580,B,C,B,B+,2019,2020. 3분기
908,15,황금에스티,32560,D,D,C,C,2019,2020. 3분기
909,14,효성,4800,C,B,B,D,2019,2020. 3분기
910,13,효성 ITX,94280,B,C,B+,B,2019,2020. 3분기
911,12,후성,93370,B,B,C,B,2019,2020. 3분기
912,11,휠라코리아,81660,C,D,B,C,2019,2020. 3분기
913,10,휴니드테크놀러지스,5870,B,C,B,B+,2019,2020. 3분기
914,9,휴비스,79980,B,B,B,B,2019,2020. 3분기
915,8,휴스틸,5010,B,B,C,B,2019,2020. 3분기
916,7,휴온스,243070,B,D,B+,B,2019,2020. 3분기
917,6,휴온스글로벌,84110,B,C,B+,B+,2019,2020. 3분기
918,5,휴젤,145020,C,D,C,B,2019,2020. 3분기
919,4,휴켐스,69260,B,B,B+,B,2019,2020. 3분기
920,3,흥국생명보험,818586,,,,C,2019,2020. 3분기(금융회사)
921,2,흥국화재,540,B,D,B,B,2019,2020. 3분기(금융회사)
922,1,흥아해운,3280,C,D,C,B,2019,2020. 3분기
0,963,AJ네트웍스,95570,B,D,B,B,2020,2021. 1분기
1,962,AK홀딩스,6840,B+,C,B+,B+,2020,2021. 1분기
2,961,BGF,27410,B+,B,A,B+,2020,2021. 1분기
3,960,BGF리테일,282330,A,B+,B+,A,2020,2021. 1분기
4,959,BNK금융지주,138930,A+,B+,A+,A+,2020,2021. 1분기
5,958,BNK캐피탈,801190,,,,B+,2020,2021. 1분기(금융회사)
6,957,BYC,1460,B,D,B,B+,2020,2021. 1분기
7,956,CJ,1040,A,B,A,A,2020,2021. 1분기
8,955,CJ CGV,79160,A,B,A,A,2020,2021. 1분기
9,954,CJ ENM,35760,B+,C,A,A,2020,2021. 1분기
10,953,CJ대한통운,120,A,A,B,A,2020,2021. 1분기
11,952,CJ씨푸드,11150,B,C,B+,B+,2020,2021. 1분기
12,951,CJ제일제당,97950,A,A,A+,A,2020,2021. 1분기
13,950,CJ프레시웨이,51500,A,B,A+,A,2020,2021. 1분기
14,949,CMG제약,58820,C,D,B,C,2020,2021. 1분기
15,948,CS홀딩스,590,C,D,C,B,2020,2021. 1분기
16,947,DB,12030,B,D,B,B,2020,2021. 1분기
17,946,DB금융투자,16610,B,D,A,B,2020,2021. 1분기
18,945,DB생명보험,818158,,,,B+,2020,2021. 1분기(금융회사)
19,944,DB손해보험,5830,B+,A,A,B+,2020,2021. 1분기
20,943,DB하이텍,990,B+,B+,A,B+,2020,2021. 1분기
21,942,DGB금융지주,139130,A+,A,A+,A+,2020,2021. 1분기
22,941,DGB생명보험,813363,,,,A,2020,2021. 1분기(금융회사)
23,940,DRB동일,4840,B,B,B+,B,2020,2021. 1분기
24,939,DSR,155660,C,B,B,C,2020,2021. 1분기
25,938,DSR제강,69730,C,C,B,C,2020,2021. 1분기
26,937,E1,17940,B,C,A,B+,2020,2021. 1분기
27,936,F&F,7700,D,D,C,C,2020,2021. 1분기
28,935,GKL,114090,B+,C,A,A,2020,2021. 1분기
29,934,GS,78930,B+,C,A,A,2020,2021. 1분기
30,933,GS건설,6360,A,A,B+,A,2020,2021. 1분기
31,932,GS글로벌,1250,B,D,B+,B+,2020,2021. 1분기
32,931,GS리테일,7070,B,C,B+,B+,2020,2021. 1분기
33,930,GS홈쇼핑,28150,A,B+,A,A,2020,2021. 1분기
34,929,HDC,12630,B+,C,B+,B+,2020,2021. 1분기
35,928,HDC아이콘트롤스,39570,C,D,C,B,2020,2021. 1분기
36,927,HDC현대EP,89470,B,B,B+,B,2020,2021. 1분기
37,926,HDC현대산업개발,294870,B,C,B,B+,2020,2021. 1분기
38,925,HMM,11200,A,A,A+,A,2020,2021. 1분기
39,924,HSD엔진,82740,A,B+,A,A,2020,2021. 1분기
40,923,JB금융지주,175330,A+,A,A,A+,2020,2021. 1분기
41,922,JW생명과학,234080,B+,B+,B+,B+,2020,2021. 1분기
42,921,JW중외제약,1060,B,B,B+,B,2020,2021. 1분기
43,920,JW홀딩스,96760,B+,C,B+,B+,2020,2021. 1분기
44,919,JYP Ent.,35900,B,D,B,B,2020,2021. 1분기
45,918,KB금융,105560,A+,A+,A+,A+,2020,2021. 1분기
46,917,KB손해보험,2550,,,,A,2020,2021. 1분기(금융회사)
47,916,KB캐피탈,21960,,,,A,2020,2021. 1분기(금융회사)
48,915,KCC건설,21320,C,C,B,C,2020,2021. 1분기
49,914,KC그린홀딩스,9440,B,B,B+,B,2020,2021. 1분기
50,913,KC코트렐,119650,B,B,B,B,2020,2021. 1분기
51,912,KEC,92220,B,B+,B+,C,2020,2021. 1분기
52,911,KG이니시스,35600,C,D,B,D,2020,2021. 1분기
53,910,KG케미칼,1390,D,C,C,D,2020,2021. 1분기
54,909,KISCO홀딩스,1940,C,B,B,C,2020,2021. 1분기
55,908,KPX케미칼,25000,B,B,C,B,2020,2021. 1분기
56,907,KPX홀딩스,92230,C,C,C,B,2020,2021. 1분기
57,906,KR모터스,40,C,D,C,B,2020,2021. 1분기
58,905,KSS해운,44450,B+,B,B+,B+,2020,2021. 1분기
59,904,KTB투자증권,30210,C,D,B,C,2020,2021. 1분기
60,903,KTH,36030,B+,C,B+,B+,2020,2021. 1분기
61,902,KTcs,58850,B,D,B+,B+,2020,2021. 1분기
62,901,KTis,58860,B,D,B+,B+,2020,2021. 1분기
63,900,KT서브마린,60370,B,D,B+,B+,2020,2021. 1분기
64,899,LF,93050,B,D,B,B+,2020,2021. 1분기
65,898,LG,3550,A,B+,A+,B+,2020,2021. 1분기
66,897,LG디스플레이,34220,A,B+,A+,B+,2020,2021. 1분기
67,896,LG상사,1120,A,A,A+,A,2020,2021. 1분기
68,895,LG생활건강,51900,A,A,A+,A,2020,2021. 1분기
69,894,LG유플러스,32640,B,B+,B+,B,2020,2021. 1분기
70,893,LG이노텍,11070,A,A,A+,B+,2020,2021. 1분기
71,892,LG전자,66570,B+,A,A+,B,2020,2021. 1분기
72,891,LG하우시스,108670,A,A,A+,A,2020,2021. 1분기
73,890,LG헬로비전,37560,B+,D,B+,A,2020,2021. 1분기
74,889,LG화학,51910,B,C,A,B+,2020,2021. 1분기
75,888,LIG넥스원,79550,A,B+,A,A,2020,2021. 1분기
76,887,LS,6260,B+,B,B+,A,2020,2021. 1분기
77,886,LS네트웍스,680,B,D,B+,B,2020,2021. 1분기
78,885,LS전선아시아,229640,B,D,C,B+,2020,2021. 1분기
79,884,MH에탄올,23150,B,C,B,B+,2020,2021. 1분기
80,883,NAVER,35420,A,B+,A,A+,2020,2021. 1분기
81,882,NHN한국사이버결제,60250,B,D,B,B+,2020,2021. 1분기
82,881,NH농협손해보험,839719,,,,B+,2020,2021. 1분기(금융회사)
83,880,NH투자증권,5940,B+,B,A+,B+,2020,2021. 1분기
84,879,NICE,34310,B,D,B,B+,2020,2021. 1분기
85,878,NICE평가정보,30190,B,D,B,B,2020,2021. 1분기
86,877,NI스틸,8260,C,D,C,B,2020,2021. 1분기
87,876,OCI,10060,A,A,A+,A,2020,2021. 1분기
88,875,RFHIC,218410,C,D,C,B,2020,2021. 1분기
89,874,S&TC,100840,B+,B,B,B+,2020,2021. 1분기
90,873,S&T모티브,64960,B+,B,B+,B+,2020,2021. 1분기
91,872,S&T중공업,3570,B+,B+,B+,B+,2020,2021. 1분기
92,871,S&T홀딩스,36530,B+,C,B+,B+,2020,2021. 1분기
93,870,S-Oil,10950,A+,A,A+,A+,2020,2021. 1분기
94,869,SBS,34120,B,C,B,B+,2020,2021. 1분기
95,868,SBS미디어홀딩스,101060,B,C,B,B,2020,2021. 1분기
96,867,SBS콘텐츠허브,46140,C,D,C,B,2020,2021. 1분기
97,866,SG세계물산,4060,C,D,B,C,2020,2021. 1분기
98,865,SG충방,1380,D,C,C,D,2020,2021. 1분기
99,864,SH에너지화학,2360,C,C,C,B+,2020,2021. 1분기
100,863,SIMPAC,9160,C,C,B,C,2020,2021. 1분기
101,862,SK,34730,A+,A,A+,A+,2020,2021. 1분기
102,861,SKC,11790,A,B+,A+,A,2020,2021. 1분기
103,860,SKC 솔믹스,57500,B,B,B,B+,2020,2021. 1분기
104,859,SKC코오롱PI,178920,B,C,B,B+,2020,2021. 1분기
105,858,SK가스,18670,A,B+,A+,A,2020,2021. 1분기
106,857,SK네트웍스,1740,A+,B+,A+,A+,2020,2021. 1분기
107,856,SK디스커버리,6120,A,B,A,A,2020,2021. 1분기
108,855,SK디앤디,210980,B,C,B,B+,2020,2021. 1분기
109,854,SK렌터카,68400,B,B,C,B,2020,2021. 1분기
110,853,SK머티리얼즈,36490,B+,B,A,B+,2020,2021. 1분기
111,852,SK바이오랜드,52260,B,C,B,B+,2020,2021. 1분기
112,851,SK이노베이션,96770,A,A,A+,A,2020,2021. 1분기
113,850,SK증권,1510,B,D,A,B,2020,2021. 1분기
114,849,SK케미칼,285130,B+,B+,A,B+,2020,2021. 1분기
115,848,SK텔레콤,17670,A+,A+,A,A+,2020,2021. 1분기
116,847,SK하이닉스,660,A,A,A+,A,2020,2021. 1분기
117,846,SPC삼립,5610,B+,B,A,B,2020,2021. 1분기
118,845,STX,11810,B,C,B+,B,2020,2021. 1분기
119,844,STX엔진,77970,B+,B+,B+,B,2020,2021. 1분기
120,843,STX중공업,71970,B,C,B+,B+,2020,2021. 1분기
121,842,TCC스틸,2710,C,B,B,C,2020,2021. 1분기
122,841,WISCOM,24070,C,C,C,B+,2020,2021. 1분기
123,840,YG PLUS,37270,B,D,B,B,2020,2021. 1분기
124,839,가온전선,500,B+,B,B+,B+,2020,2021. 1분기
125,838,강남제비스코,860,B,B,C,B,2020,2021. 1분기
126,837,강스템바이오텍,217730,C,D,C,B,2020,2021. 1분기
127,836,강원랜드,35250,A,B,A,A,2020,2021. 1분기
128,835,갤럭시아에스엠,11420,C,D,C,C,2020,2021. 1분기
129,834,갤럭시아컴즈,94480,C,D,C,B,2020,2021. 1분기
130,833,경남은행,192520,,,,A,2020,2021. 1분기(금융회사)
131,832,경농,2100,C,B,B+,C,2020,2021. 1분기
132,831,경동나비엔,9450,B+,B,B+,B+,2020,2021. 1분기
133,830,경동도시가스,267290,B+,B,A,B+,2020,2021. 1분기
134,829,경동인베스트,12320,B,C,B,B+,2020,2021. 1분기
135,828,경방,50,C,C,B,B,2020,2021. 1분기
136,827,경보제약,214390,B,B,B,B,2020,2021. 1분기
137,826,경인양행,12610,B,B,C,B,2020,2021. 1분기
138,825,경인전자,9140,C,D,C,B,2020,2021. 1분기
139,824,계룡건설산업,13580,B,B,B,B+,2020,2021. 1분기
140,823,계양전기,12200,B,B,B+,B,2020,2021. 1분기
141,822,고려산업,2140,C,C,C,C,2020,2021. 1분기
142,821,고려아연,10130,B+,B+,B,B+,2020,2021. 1분기
143,820,고려제강,2240,B,B+,B+,C,2020,2021. 1분기
144,819,고영,98460,B+,B,B+,B+,2020,2021. 1분기
145,818,광동제약,9290,B,C,B+,B+,2020,2021. 1분기
146,817,광명전기,17040,C,C,C,C,2020,2021. 1분기
147,816,광전자,17900,B,C,B,B+,2020,2021. 1분기
148,815,광주신세계,37710,B+,C,A,B+,2020,2021. 1분기
149,814,광주은행,192530,,,,A,2020,2021. 1분기(금융회사)
150,813,교보생명보험,811097,,,,B+,2020,2021. 1분기(금융회사)
151,812,교보증권,30610,B,D,B+,B,2020,2021. 1분기
152,811,국도화학,7690,B,B,B,B,2020,2021. 1분기
153,810,국동,5320,B,D,C,B+,2020,2021. 1분기
154,809,국민은행,60000,,,,A,2020,2021. 1분기(금융회사)
155,808,국보,1140,C,B,C,C,2020,2021. 1분기
156,807,국제약품,2720,C,D,B,C,2020,2021. 1분기
157,806,그린케미칼,83420,B,B,B,B,2020,2021. 1분기
158,805,극동유화,14530,B,B,C,B,2020,2021. 1분기
159,804,금강공업,14280,C,C,B,B,2020,2021. 1분기
160,803,금비,8870,C,C,B,C,2020,2021. 1분기
161,802,금양,1570,D,D,C,C,2020,2021. 1분기
162,801,금호산업,2990,C,B,B+,C,2020,2021. 1분기
163,800,금호석유화학,11780,A,B+,A,A,2020,2021. 1분기
164,799,금호에이치티,214330,D,D,C,C,2020,2021. 1분기
165,798,금호전기,1210,B,B,B,B,2020,2021. 1분기
166,797,금호타이어,73240,B,B,C,B+,2020,2021. 1분기
167,796,기신정기,92440,C,D,B,B,2020,2021. 1분기
168,795,기아자동차,270,A,A,A+,B+,2020,2021. 1분기
169,794,기업은행,24110,B+,B+,A,B+,2020,2021. 1분기
170,793,까뮤이앤씨,13700,C,D,C,B,2020,2021. 1분기
171,792,깨끗한나라,4540,B+,B,B+,B+,2020,2021. 1분기
172,791,나노메딕스,74610,B,B,C,B,2020,2021. 1분기
173,790,나노스,151910,C,C,B,C,2020,2021. 1분기
174,789,나노엔텍,39860,C,D,C,B,2020,2021. 1분기
175,788,나스미디어,89600,B,D,B,B+,2020,2021. 1분기
176,787,나우IB,293580,C,D,B,C,2020,2021. 1분기
177,786,남광토건,1260,B,B,B,B,2020,2021. 1분기
178,785,남선알미늄,8350,B,C,B+,B,2020,2021. 1분기
179,784,남성,4270,C,D,B,B,2020,2021. 1분기
180,783,남양유업,3920,B,C,B+,B+,2020,2021. 1분기
181,782,남영비비안,2070,C,D,B,B,2020,2021. 1분기
182,781,남해화학,25860,B,B,B,B+,2020,2021. 1분기
183,780,네오팜,92730,C,D,B,B,2020,2021. 1분기
184,779,네이처셀,7390,C,D,C,C,2020,2021. 1분기
185,778,넥센,5720,B+,B,B+,B+,2020,2021. 1분기
186,777,넥센타이어,2350,B+,B+,B+,B,2020,2021. 1분기
187,776,넥스트사이언스,3580,C,D,B,C,2020,2021. 1분기
188,775,넥슨지티,41140,C,D,B,C,2020,2021. 1분기
189,774,넷마블,251270,B,D,B+,B+,2020,2021. 1분기
190,773,노루페인트,90350,B,B,B,B,2020,2021. 1분기
191,772,노루홀딩스,320,C,C,B,C,2020,2021. 1분기
192,771,녹십자,6280,B+,B,A,B,2020,2021. 1분기
193,770,녹십자랩셀,144510,C,D,B,B,2020,2021. 1분기
194,769,녹십자셀,31390,C,D,B,B,2020,2021. 1분기
195,768,녹십자홀딩스,5250,B,C,B+,B,2020,2021. 1분기
196,767,농심,4370,B+,B+,A,B,2020,2021. 1분기
197,766,농심홀딩스,72710,B+,B,B+,B+,2020,2021. 1분기
198,765,농우바이오,54050,C,D,C,B+,2020,2021. 1분기
199,764,농협금융지주,839683,,,,A,2020,2021. 1분기(금융회사)
200,763,농협생명보험,839723,,,,B+,2020,2021. 1분기(금융회사)
201,762,농협은행,839742,,,,B,2020,2021. 1분기(금융회사)
202,761,다스코,58730,B,C,B,B+,2020,2021. 1분기
203,760,다우기술,23590,B,C,B+,B,2020,2021. 1분기
204,759,다우데이타,32190,B,D,B+,B,2020,2021. 1분기
205,758,다원시스,68240,C,C,B,B,2020,2021. 1분기
206,757,대교,19680,B+,D,B+,A,2020,2021. 1분기
207,756,대구백화점,6370,B,D,B,B+,2020,2021. 1분기
208,755,대구은행,5270,,,,B+,2020,2021. 1분기(금융회사)
209,754,대덕전자,8060,A,B+,A,A,2020,2021. 1분기
210,753,대동공업,490,B,B,B,B,2020,2021. 1분기
211,752,대동전자,8110,C,B,C,C,2020,2021. 1분기
212,751,대림비앤코,5750,B,C,B,B+,2020,2021. 1분기
213,750,대림산업,210,B+,A,B+,B+,2020,2021. 1분기
214,749,대림씨엔에스,4440,B,C,B,B+,2020,2021. 1분기
215,748,대림통상,6570,B,B,B,B,2020,2021. 1분기
216,747,대상,1680,B,B,B+,B,2020,2021. 1분기
217,746,대상홀딩스,84690,B,C,B,B,2020,2021. 1분기
218,745,대성산업,128820,C,C,B,C,2020,2021. 1분기
219,744,대성에너지,117580,B,B,B+,B,2020,2021. 1분기
220,743,대성홀딩스,16710,B,C,B+,B,2020,2021. 1분기
221,742,대신증권,3540,B,D,B+,B+,2020,2021. 1분기
222,741,대아티아이,45390,B,D,C,B+,2020,2021. 1분기
223,740,대양금속,9190,B,B,C,B,2020,2021. 1분기
224,739,대영포장,14160,C,B,C,D,2020,2021. 1분기
225,738,대우건설,47040,B+,A,B+,B+,2020,2021. 1분기
226,737,대우부품,9320,D,D,C,C,2020,2021. 1분기
227,736,대우조선해양,42660,B+,B+,B,A,2020,2021. 1분기
228,735,대웅,3090,C,C,B+,C,2020,2021. 1분기
229,734,대웅제약,69620,B+,B,A,B+,2020,2021. 1분기
230,733,대원강업,430,B,B,B+,B,2020,2021. 1분기
231,732,대원전선,6340,C,C,C,C,2020,2021. 1분기
232,731,대원제약,3220,B,D,B+,B+,2020,2021. 1분기
233,730,대원화성,24890,B+,B+,B,B+,2020,2021. 1분기
234,729,대유에이텍,2880,C,C,C,C,2020,2021. 1분기
235,728,대유플러스,300,C,C,C,C,2020,2021. 1분기
236,727,대창,12800,C,B+,B,C,2020,2021. 1분기
237,726,대창단조,15230,B,B,B,B,2020,2021. 1분기
238,725,대한광통신,10170,C,C,C,B+,2020,2021. 1분기
239,724,대한방직,1070,C,C,C,B+,2020,2021. 1분기
240,723,대한유화,6650,B,B+,B+,C,2020,2021. 1분기
241,722,대한전선,1440,B+,B,B+,B+,2020,2021. 1분기
242,721,대한제강,84010,B,B+,B,B,2020,2021. 1분기
243,720,대한제당,1790,C,C,C,B,2020,2021. 1분기
244,719,대한제분,1130,C,C,B,C,2020,2021. 1분기
245,718,대한항공,3490,A,A,A+,B+,2020,2021. 1분기
246,717,대한해운,5880,B,C,B,B,2020,2021. 1분기
247,716,대한화섬,3830,C,B,B+,C,2020,2021. 1분기
248,715,대현,16090,C,D,C,B,2020,2021. 1분기
249,714,대호에이엘,69460,B,B,C,B,2020,2021. 1분기
250,713,대화제약,67080,B,D,B,B+,2020,2021. 1분기
251,712,더블유게임즈,192080,B,D,B+,B+,2020,2021. 1분기
252,711,더존비즈온,12510,B,C,B+,B,2020,2021. 1분기
253,710,덕성,4830,B,B,C,B+,2020,2021. 1분기
254,709,덕양산업,24900,B,B,B,B,2020,2021. 1분기
255,708,덴티움,145720,C,D,C,B+,2020,2021. 1분기
256,707,도화엔지니어링,2150,B+,B,B,B+,2020,2021. 1분기
257,706,동국제강,1230,B+,B+,A,B,2020,2021. 1분기
258,705,동국제약,86450,C,D,B+,D,2020,2021. 1분기
259,704,동남합성,23450,C,D,C,B,2020,2021. 1분기
260,703,동방,4140,C,B,C,C,2020,2021. 1분기
261,702,동방아그로,7590,C,D,C,B,2020,2021. 1분기
262,701,동부건설,5960,C,C,B,B,2020,2021. 1분기
263,700,동부제철,16380,B,B,B+,B,2020,2021. 1분기
264,699,동서,26960,C,D,B,C,2020,2021. 1분기
265,698,동성제약,2210,C,D,B,B,2020,2021. 1분기
266,697,동성코퍼레이션,102260,B,B,B+,B,2020,2021. 1분기
267,696,동성화학,5190,C,C,B,B,2020,2021. 1분기
268,695,동아쏘시오홀딩스,640,B+,C,A,A,2020,2021. 1분기
269,694,동아에스티,170900,B+,D,B+,A,2020,2021. 1분기
270,693,동아지질,28100,C,C,C,C,2020,2021. 1분기
271,692,동아타이어,282690,B,C,B,B,2020,2021. 1분기
272,691,동양,1520,C,C,C,B,2020,2021. 1분기
273,690,동양고속,84670,B,C,B,B+,2020,2021. 1분기
274,689,동양네트웍스,30790,C,D,B,D,2020,2021. 1분기
275,688,동양물산기업,2900,B+,B,B+,B+,2020,2021. 1분기
276,687,동양생명,82640,B,D,B+,B+,2020,2021. 1분기
277,686,동양철관,8970,C,C,C,C,2020,2021. 1분기
278,685,동양피스톤,92780,B,B,B,B+,2020,2021. 1분기
279,684,동원F&B,49770,B,B,B+,B,2020,2021. 1분기
280,683,동원개발,13120,C,D,C,B,2020,2021. 1분기
281,682,동원금속,18500,B,C,B,B+,2020,2021. 1분기
282,681,동원산업,6040,B,C,B,B+,2020,2021. 1분기
283,680,동원수산,30720,C,D,B,B,2020,2021. 1분기
284,679,동원시스템즈,14820,C,B,B,C,2020,2021. 1분기
285,678,동일고무벨트,163560,B+,B,B+,B+,2020,2021. 1분기
286,677,동일산업,4890,B,B+,C,B+,2020,2021. 1분기
287,676,동일제강,2690,C,C,C,B,2020,2021. 1분기
288,675,동진쎄미켐,5290,C,C,B,C,2020,2021. 1분기
289,674,동화약품,20,B,D,B+,B,2020,2021. 1분기
290,673,두산,150,A+,A+,A+,A,2020,2021. 1분기
291,672,두산밥캣,241560,B+,D,A,A,2020,2021. 1분기
292,671,두산인프라코어,42670,A,A,A+,A,2020,2021. 1분기
293,670,두산중공업,34020,A,A,A+,B+,2020,2021. 1분기
294,669,두올,16740,B,C,B,B+,2020,2021. 1분기
295,668,드림어스컴퍼니,60570,C,C,B,B,2020,2021. 1분기
296,667,디씨엠,24090,C,C,C,B,2020,2021. 1분기
297,666,디아이,3160,B,B,B,B,2020,2021. 1분기
298,665,디아이동일,1530,D,D,C,C,2020,2021. 1분기
299,664,디아이씨,92200,C,C,B,C,2020,2021. 1분기
300,663,디오,39840,C,D,B,B,2020,2021. 1분기
301,662,디와이,13570,C,C,C,B+,2020,2021. 1분기
302,661,디와이파워,210540,C,D,B,B,2020,2021. 1분기
303,660,디티알오토모티브,7340,B,B,C,B,2020,2021. 1분기
304,659,디피씨,26890,B,D,B,B+,2020,2021. 1분기
305,658,락앤락,115390,C,C,B+,C,2020,2021. 1분기
306,657,레고켐바이오,141080,C,D,C,B,2020,2021. 1분기
307,656,로보스타,90360,C,D,C,B,2020,2021. 1분기
308,655,롯데관광개발,32350,C,D,B,C,2020,2021. 1분기
309,654,롯데손해보험,400,B+,C,A,A,2020,2021. 1분기
310,653,롯데쇼핑,23530,A,A,A+,A,2020,2021. 1분기
311,652,롯데정밀화학,4000,A,A,A+,A,2020,2021. 1분기
312,651,롯데정보통신,286940,A,B+,A,A,2020,2021. 1분기
313,650,롯데제과,280360,A,A,A+,B+,2020,2021. 1분기
314,649,롯데지주,4990,B+,B,A,B,2020,2021. 1분기
315,648,롯데칠성음료,5300,B+,B+,A,B+,2020,2021. 1분기
316,647,롯데카드,854231,,,,B+,2020,2021. 1분기(금융회사)
317,646,롯데캐피탈,855981,,,,B+,2020,2021. 1분기(금융회사)
318,645,롯데케미칼,11170,A,B+,A,A,2020,2021. 1분기
319,644,롯데푸드,2270,A,B+,A+,B+,2020,2021. 1분기
320,643,롯데하이마트,71840,A,B+,A+,A,2020,2021. 1분기
321,642,리노공업,58470,B,C,B,B+,2020,2021. 1분기
322,641,리더스 기술투자,19570,D,D,C,D,2020,2021. 1분기
323,640,마니커,27740,C,D,B+,C,2020,2021. 1분기
324,639,만도,204320,A,A,A+,A,2020,2021. 1분기
325,638,만호제강,1080,C,C,B,B,2020,2021. 1분기
326,637,매일유업,267980,B+,B+,B+,B+,2020,2021. 1분기
327,636,멀티캠퍼스,67280,B,D,B,B,2020,2021. 1분기
328,635,메디톡스,86900,C,D,D,B,2020,2021. 1분기
329,634,메디파트너생명공학,15540,C,D,C,C,2020,2021. 1분기
330,633,메디포스트,78160,B,D,B+,B+,2020,2021. 1분기
331,632,메리츠금융지주,138040,B+,D,B+,A,2020,2021. 1분기
332,631,메리츠종금증권,8560,B+,B,A,B+,2020,2021. 1분기
333,630,메리츠캐피탈,867865,,,,B+,2020,2021. 1분기(금융회사)
334,629,메리츠화재,60,B,D,B+,B+,2020,2021. 1분기
335,628,메이슨캐피탈,21880,D,D,C,D,2020,2021. 1분기
336,627,메지온,140410,C,D,C,C,2020,2021. 1분기
337,626,메타랩스,90370,C,D,B,B,2020,2021. 1분기
338,625,메트라이프생명보험,832969,,,,B+,2020,2021. 1분기(금융회사)
339,624,명문제약,17180,C,D,B,B,2020,2021. 1분기
340,623,모나리자,12690,B,B,B,B,2020,2021. 1분기
341,622,모나미,5360,C,D,C,B,2020,2021. 1분기
342,621,모두투어,80160,B,D,B+,B+,2020,2021. 1분기
343,620,모토닉,9680,B,B,B,B,2020,2021. 1분기
344,619,무림P&P,9580,B+,B+,B+,B+,2020,2021. 1분기
345,618,무림페이퍼,9200,B+,B+,B+,B+,2020,2021. 1분기
346,617,무학,33920,C,B,C,C,2020,2021. 1분기
347,616,문배철강,8420,C,D,C,B,2020,2021. 1분기
348,615,미래산업,25560,B,B,C,B,2020,2021. 1분기
349,614,미래아이앤지,7120,C,D,C,C,2020,2021. 1분기
350,613,미래에셋대우,6800,A,B+,A+,B+,2020,2021. 1분기
351,612,미래에셋생명,85620,B,D,B+,B,2020,2021. 1분기
352,611,미래컴퍼니,49950,B,D,B,B+,2020,2021. 1분기
353,610,미래테크놀로지,213090,B,D,B,B+,2020,2021. 1분기
354,609,미원상사,2840,C,D,B,B,2020,2021. 1분기
355,608,미원에스씨,268280,C,C,C,B,2020,2021. 1분기
356,607,미원홀딩스,107590,C,C,C,C,2020,2021. 1분기
357,606,미원화학,134380,C,C,C,C,2020,2021. 1분기
358,605,미창석유공업,3650,C,C,C,B,2020,2021. 1분기
359,604,방림,3610,B,B,C,B,2020,2021. 1분기
360,603,백광산업,1340,C,B,C,D,2020,2021. 1분기
361,602,백광소재,14580,C,C,B,B,2020,2021. 1분기
362,601,백산,35150,C,C,B,B,2020,2021. 1분기
363,600,범양건영,2410,C,D,C,B,2020,2021. 1분기
364,599,벽산,7210,C,B,B,C,2020,2021. 1분기
365,598,보락,2760,C,D,C,B,2020,2021. 1분기
366,597,보령제약,3850,C,D,B,B,2020,2021. 1분기
367,596,보해양조,890,B,B,B,B,2020,2021. 1분기
368,595,부광약품,3000,C,D,C,B,2020,2021. 1분기
369,594,부국증권,1270,B,D,B,B,2020,2021. 1분기
370,593,부국철강,26940,D,D,C,C,2020,2021. 1분기
371,592,부산도시가스,15350,B,C,B+,B+,2020,2021. 1분기
372,591,부산산업,11390,D,D,C,C,2020,2021. 1분기
373,590,부산은행,5280,,,,A,2020,2021. 1분기(금융회사)
374,589,부산주공,5030,C,B,C,C,2020,2021. 1분기
375,588,비상교육,100220,B,D,B+,B,2020,2021. 1분기
376,587,비에이치,90460,D,D,C,C,2020,2021. 1분기
377,586,비티원,101140,C,D,B,C,2020,2021. 1분기
378,585,빙그레,5180,A,B+,A+,A,2020,2021. 1분기
379,584,사람인에이치알,143240,B,D,B+,B,2020,2021. 1분기
380,583,사조대림,3960,C,D,B,B,2020,2021. 1분기
381,582,사조동아원,8040,C,D,C,B,2020,2021. 1분기
382,581,사조산업,7160,D,D,C,D,2020,2021. 1분기
383,580,사조씨푸드,14710,C,D,B,B,2020,2021. 1분기
384,579,사조오양,6090,C,D,B,C,2020,2021. 1분기
385,578,산은캐피탈,8270,,,,B,2020,2021. 1분기(금융회사)
386,577,삼광글라스,5090,C,C,B,C,2020,2021. 1분기
387,576,삼부토건,1470,C,C,B,B,2020,2021. 1분기
388,575,삼성SDI,6400,A,A,A,A,2020,2021. 1분기
389,574,삼성공조,6660,C,C,C,B,2020,2021. 1분기
390,573,삼성물산,28260,A,A+,A,B+,2020,2021. 1분기
391,572,삼성바이오로직스,207940,B+,B,A,B+,2020,2021. 1분기
392,571,삼성생명,32830,B+,A,A,B+,2020,2021. 1분기
393,570,삼성에스디에스,18260,A,B+,A+,A,2020,2021. 1분기
394,569,삼성엔지니어링,28050,A,A,A+,A,2020,2021. 1분기
395,568,삼성전기,9150,A,A,A+,A,2020,2021. 1분기
396,567,삼성전자,5930,A,A,A+,B+,2020,2021. 1분기
397,566,삼성제약,1360,C,B,C,D,2020,2021. 1분기
398,565,삼성중공업,10140,B+,B+,B,A,2020,2021. 1분기
399,564,삼성증권,16360,B+,B,A+,B,2020,2021. 1분기
400,563,삼성출판사,68290,C,D,C,B,2020,2021. 1분기
401,562,삼성카드,29780,B,D,B+,B+,2020,2021. 1분기
402,561,삼성화재,810,A,A+,A+,A,2020,2021. 1분기
403,560,삼아알미늄,6110,B,B,C,B,2020,2021. 1분기
404,559,삼양사,145990,B+,B+,B+,B,2020,2021. 1분기
405,558,삼양식품,3230,B,B,B,B,2020,2021. 1분기
406,557,삼양통상,2170,C,B,C,D,2020,2021. 1분기
407,556,삼양패키징,272550,C,C,B+,C,2020,2021. 1분기
408,555,삼양홀딩스,70,B+,B,B+,B+,2020,2021. 1분기
409,554,삼영무역,2810,C,D,C,C,2020,2021. 1분기
410,553,삼영전자공업,5680,B+,B+,B+,B,2020,2021. 1분기
411,552,삼영화학공업,3720,C,B,C,C,2020,2021. 1분기
412,551,삼원강재,23000,B,B+,C,B,2020,2021. 1분기
413,550,삼익THK,4380,B+,B,B,B+,2020,2021. 1분기
414,549,삼익악기,2450,C,D,C,B,2020,2021. 1분기
415,548,삼일제약,520,B,D,B+,B,2020,2021. 1분기
416,547,삼정펄프,9770,C,C,B,C,2020,2021. 1분기
417,546,삼진제약,5500,B,D,B+,B,2020,2021. 1분기
418,545,삼천당제약,250,C,D,B,C,2020,2021. 1분기
419,544,삼천리,4690,B+,B+,A,B+,2020,2021. 1분기
420,543,삼표시멘트,38500,B+,B+,B,B+,2020,2021. 1분기
421,542,삼호,1880,B,B,B+,B,2020,2021. 1분기
422,541,삼호개발,10960,D,D,C,C,2020,2021. 1분기
423,540,삼화왕관,4450,B,B,C,B,2020,2021. 1분기
424,539,삼화전기,9470,C,C,B,B,2020,2021. 1분기
425,538,삼화전자공업,11230,D,D,C,C,2020,2021. 1분기
426,537,삼화콘덴서공업,1820,B,B,B,B,2020,2021. 1분기
427,536,삼화페인트공업,390,B+,B,B+,B+,2020,2021. 1분기
428,535,상상인,38540,C,D,C,C,2020,2021. 1분기
429,534,상상인증권,1290,C,D,B,C,2020,2021. 1분기
430,533,상신브레이크,41650,B,B,B,B,2020,2021. 1분기
431,532,새론오토모티브,75180,B,B,B,B,2020,2021. 1분기
432,531,샘표,7540,C,B,B+,C,2020,2021. 1분기
433,530,샘표식품,248170,C,B,B+,C,2020,2021. 1분기
434,529,서부T&D,6730,C,D,C,B,2020,2021. 1분기
435,528,서연,7860,B+,C,B+,B+,2020,2021. 1분기
436,527,서연이화,200880,B+,B,B+,B+,2020,2021. 1분기
437,526,서울도시가스,17390,B,C,B+,B,2020,2021. 1분기
438,525,서울반도체,46890,C,B,B+,C,2020,2021. 1분기
439,524,서울보증보험,813002,,,,B+,2020,2021. 1분기(금융회사)
440,523,서울식품공업,4410,B,B,B,B,2020,2021. 1분기
441,522,서원,21050,B,B,C,B,2020,2021. 1분기
442,521,서흥,8490,C,C,C,B,2020,2021. 1분기
443,520,선도전기,7610,B,B,C,B,2020,2021. 1분기
444,519,선진,136490,B,D,B,B+,2020,2021. 1분기
445,518,선창산업,2820,B+,B,B,B+,2020,2021. 1분기
446,517,성문전자,14910,C,C,B,C,2020,2021. 1분기
447,516,성보화학,3080,C,D,B,B,2020,2021. 1분기
448,515,성신양회,4980,C,B+,B,C,2020,2021. 1분기
449,514,성안,11300,C,C,C,B,2020,2021. 1분기
450,513,성창기업지주,180,C,D,C,C,2020,2021. 1분기
451,512,세기상사,2420,C,D,C,C,2020,2021. 1분기
452,511,세방,4360,B+,B,B+,B+,2020,2021. 1분기
453,510,세방전지,4490,B,B+,B,B,2020,2021. 1분기
454,509,세아베스틸,1430,B,B,B,B+,2020,2021. 1분기
455,508,세아제강,306200,B,B,B+,B,2020,2021. 1분기
456,507,세아제강지주,3030,B,C,B,B,2020,2021. 1분기
457,506,세아특수강,19440,B,B,C,B,2020,2021. 1분기
458,505,세아홀딩스,58650,B,C,B,B+,2020,2021. 1분기
459,504,세우글로벌,13000,C,B,C,C,2020,2021. 1분기
460,503,세원셀론텍,91090,B,B,B,B,2020,2021. 1분기
461,502,세원정공,21820,C,C,B+,D,2020,2021. 1분기
462,501,세이브존I&C,67830,C,D,B,C,2020,2021. 1분기
463,500,세종공업,33530,C,B,B+,C,2020,2021. 1분기
464,499,세진중공업,75580,B,D,B+,B+,2020,2021. 1분기
465,498,세하,27970,B,B+,B,B,2020,2021. 1분기
466,497,세화아이엠씨,145210,C,D,C,C,2020,2021. 1분기
467,496,셀트리온,68270,B+,B,B,B+,2020,2021. 1분기
468,495,셀트리온제약,68760,C,D,C,B,2020,2021. 1분기
469,494,셀트리온헬스케어,91990,B,D,B,B+,2020,2021. 1분기
470,493,솔브레인,36830,C,C,B,B,2020,2021. 1분기
471,492,송원산업,4430,B,B+,B+,C,2020,2021. 1분기
472,491,수산중공업,17550,B,B,B,B,2020,2021. 1분기
473,490,스튜디오드래곤,253450,B,D,B,B+,2020,2021. 1분기
474,489,시그네틱스,33170,C,B,B,C,2020,2021. 1분기
475,488,시디즈,134790,C,D,C,B,2020,2021. 1분기
476,487,신대양제지,16590,C,C,C,C,2020,2021. 1분기
477,486,신도리코,29530,B,B,B+,B,2020,2021. 1분기
478,485,신라교역,4970,C,D,C,B,2020,2021. 1분기
479,484,신라젠,215600,C,D,C,B,2020,2021. 1분기
480,483,신성이엔지,11930,C,C,C,B,2020,2021. 1분기
481,482,신성통상,5390,C,C,D,C,2020,2021. 1분기
482,481,신세계,4170,A,B+,A,A,2020,2021. 1분기
483,480,신세계I&C,35510,B+,B,B+,B+,2020,2021. 1분기
484,479,신세계건설,34300,B,C,B,B+,2020,2021. 1분기
485,478,신세계인터내셔날,31430,A,B,A,A,2020,2021. 1분기
486,477,신세계푸드,31440,B+,B,B+,B+,2020,2021. 1분기
487,476,신송홀딩스,6880,B,D,B,B+,2020,2021. 1분기
488,475,신영와코루,5800,C,D,B,C,2020,2021. 1분기
489,474,신영증권,1720,B,D,B,B+,2020,2021. 1분기
490,473,신원,9270,D,D,C,C,2020,2021. 1분기
491,472,신일산업,2700,C,D,C,B,2020,2021. 1분기
492,471,신풍제약,19170,B,D,B,B+,2020,2021. 1분기
493,470,신풍제지,2870,B,B+,C,B,2020,2021. 1분기
494,469,신한금융투자,8670,,,,B,2020,2021. 1분기(금융회사)
495,468,신한생명보험,828992,,,,B+,2020,2021. 1분기(금융회사)
496,467,신한은행,10,,,,A,2020,2021. 1분기(금융회사)
497,466,신한지주,55550,A+,A+,A,A+,2020,2021. 1분기
498,465,신한카드,32710,,,,A,2020,2021. 1분기(금융회사)
499,464,신한캐피탈,811323,,,,B+,2020,2021. 1분기(금융회사)
500,463,신화실업,1770,D,D,C,D,2020,2021. 1분기
501,462,신화인터텍,56700,B,B,B,B,2020,2021. 1분기
502,461,신흥,4080,B,D,B,B,2020,2021. 1분기
503,460,실리콘웍스,108320,B,C,B+,B+,2020,2021. 1분기
504,459,쌍방울,102280,C,D,B,C,2020,2021. 1분기
505,458,쌍용양회공업,3410,B+,B,B+,B+,2020,2021. 1분기
506,457,쌍용자동차,3620,B+,B+,B,B+,2020,2021. 1분기
507,456,써니전자,4770,C,C,B,B,2020,2021. 1분기
508,455,씨아이테크,4920,C,D,C,C,2020,2021. 1분기
509,454,씨에스윈드,112610,B,B,C,B,2020,2021. 1분기
510,453,씨젠,96530,C,D,C,C,2020,2021. 1분기
511,452,아난티,25980,C,D,B,D,2020,2021. 1분기
512,451,아남전자,8700,C,C,C,C,2020,2021. 1분기
513,450,아모레퍼시픽,90430,A,A,A+,A,2020,2021. 1분기
514,449,아모레퍼시픽그룹,2790,A,A,A+,A,2020,2021. 1분기
515,448,아미코젠,92040,C,D,C,C,2020,2021. 1분기
516,447,아세아,2030,C,C,B,C,2020,2021. 1분기
517,446,아세아시멘트,183190,B+,B+,B+,B,2020,2021. 1분기
518,445,아세아제지,2310,B,C,B,B,2020,2021. 1분기
519,444,아시아나IDT,267850,B,D,B,B,2020,2021. 1분기
520,443,아시아나항공,20560,B,B+,B+,C,2020,2021. 1분기
521,442,아이마켓코리아,122900,B,D,B,B+,2020,2021. 1분기
522,441,아이비케이연금보험,829322,,,,B+,2020,2021. 1분기(금융회사)
523,440,아이비케이캐피탈,828519,,,,B,2020,2021. 1분기(금융회사)
524,439,아이에스동서,10780,B,B,B,B+,2020,2021. 1분기
525,438,아이에이치큐,3560,B,D,B,B+,2020,2021. 1분기
526,437,아주IB투자,27360,C,D,B,C,2020,2021. 1분기
527,436,아주캐피탈,33660,B,D,B+,B,2020,2021. 1분기
528,435,아프리카TV,67160,B,D,B,B,2020,2021. 1분기
529,434,안랩,53800,B+,C,B+,B+,2020,2021. 1분기
530,433,안트로젠,65660,C,D,C,B+,2020,2021. 1분기
531,432,알루코,1780,B,B,B,B,2020,2021. 1분기
532,431,애경산업,18250,B,C,B+,B,2020,2021. 1분기
533,430,애경유화,161000,B,B+,C,B,2020,2021. 1분기
534,429,에넥스,11090,B,B,B+,B,2020,2021. 1분기
535,428,에버다임,41440,A,B+,B+,A,2020,2021. 1분기
536,427,에스모,73070,C,C,C,C,2020,2021. 1분기
537,426,에스에프에이,56190,B+,B,B+,B+,2020,2021. 1분기
538,425,에스엘,5850,C,B,B+,D,2020,2021. 1분기
539,424,에스엠,41510,C,D,B,D,2020,2021. 1분기
540,423,에스엠코어,7820,B,B,C,B,2020,2021. 1분기
541,422,에스원,12750,B+,B,A,B+,2020,2021. 1분기
542,421,에스제이엠,123700,C,C,B,C,2020,2021. 1분기
543,420,에스제이엠홀딩스,25530,B,C,B,B,2020,2021. 1분기
544,419,에스티큐브,52020,C,D,C,C,2020,2021. 1분기
545,418,에스티팜,237690,B,D,B+,B+,2020,2021. 1분기
546,417,에쓰씨엔지니어링,23960,C,C,B,B,2020,2021. 1분기
547,416,에어부산,298690,B,C,B+,B,2020,2021. 1분기
548,415,에이블씨엔씨,78520,C,D,B,C,2020,2021. 1분기
549,414,에이비엘생명보험,804337,,,,B+,2020,2021. 1분기(금융회사)
550,413,에이아이에이생명보험,801688,,,,B,2020,2021. 1분기(금융회사)
551,412,에이엔피,15260,C,B,C,C,2020,2021. 1분기
552,411,에이치엘비,28300,C,D,B,C,2020,2021. 1분기
553,410,에이치엘비생명과학,67630,C,D,C,C,2020,2021. 1분기
554,409,에이프로젠 KIC,7460,C,C,D,C,2020,2021. 1분기
555,408,에이프로젠제약,3060,C,D,C,C,2020,2021. 1분기
556,407,에코프로,86520,B,C,B+,B+,2020,2021. 1분기
557,406,엔씨소프트,36570,B+,D,B+,A,2020,2021. 1분기
558,405,엔에스쇼핑,138250,B+,C,B+,A,2020,2021. 1분기
559,404,엔에이치엔,181710,B,D,B+,B+,2020,2021. 1분기
560,403,엔지켐생명과학,183490,C,D,C,B,2020,2021. 1분기
561,402,엔케이,85310,C,B,C,C,2020,2021. 1분기
562,401,엔케이물산,9810,C,D,C,C,2020,2021. 1분기
563,400,엔피씨,4250,C,C,C,C,2020,2021. 1분기
564,399,엘앤에프,66970,B,B,B+,B,2020,2021. 1분기
565,398,엘에스일렉트릭,10120,A,B+,A+,B+,2020,2021. 1분기
566,397,영보화학,14440,B,B,B,B,2020,2021. 1분기
567,396,영원무역,111770,B,D,B,B+,2020,2021. 1분기
568,395,영원무역홀딩스,9970,B,D,B,B,2020,2021. 1분기
569,394,영진약품,3520,B,D,B+,B+,2020,2021. 1분기
570,393,영풍,670,C,D,B,D,2020,2021. 1분기
571,392,영풍정밀,36560,B,B,B,B,2020,2021. 1분기
572,391,영풍제지,6740,B,B,C,B,2020,2021. 1분기
573,390,영화금속,12280,B,B,C,B,2020,2021. 1분기
574,389,영흥철강,12160,B,C,B,B+,2020,2021. 1분기
575,388,예스코홀딩스,15360,B,D,B+,B+,2020,2021. 1분기
576,387,오뚜기,7310,B+,B+,A,B,2020,2021. 1분기
577,386,오렌지라이프,79440,,,,A,2020,2021. 1분기(금융회사)
578,385,오리엔트바이오,2630,C,B,B,C,2020,2021. 1분기
579,384,오리온,271560,B+,B,B+,A,2020,2021. 1분기
580,383,오리온홀딩스,1800,B+,C,B+,A,2020,2021. 1분기
581,382,오리콤,10470,B,D,B+,B+,2020,2021. 1분기
582,381,오스코텍,39200,C,D,C,C,2020,2021. 1분기
583,380,오스템임플란트,48260,C,D,B,C,2020,2021. 1분기
584,379,올릭스,226950,B,D,B,B+,2020,2021. 1분기
585,378,와이엔텍,67900,C,D,C,C,2020,2021. 1분기
586,377,와이지-원,19210,B,D,B+,B,2020,2021. 1분기
587,376,와이지엔터테인먼트,122870,C,D,B,C,2020,2021. 1분기
588,375,용평리조트,70960,B,C,B,B,2020,2021. 1분기
589,374,우리금융지주,316140,B+,B+,B+,B+,2020,2021. 1분기
590,373,우리기술투자,41190,D,D,C,D,2020,2021. 1분기
591,372,우리들제약,4720,C,D,B,C,2020,2021. 1분기
592,371,우리들휴브레인,118000,C,D,C,B,2020,2021. 1분기
593,370,우리은행,30,,,,B,2020,2021. 1분기(금융회사)
594,369,우리종금,10050,B,D,B,B,2020,2021. 1분기
595,368,우리카드,879070,,,,B+,2020,2021. 1분기(금융회사)
596,367,우성사료,6980,C,D,C,C,2020,2021. 1분기
597,366,우신시스템,17370,B+,B,B,B+,2020,2021. 1분기
598,365,우진,105840,B+,B,B,B+,2020,2021. 1분기
599,364,우진아이엔에스,10400,C,C,C,B+,2020,2021. 1분기
600,363,우진플라임,49800,B,B,B,B,2020,2021. 1분기
601,362,웅진,16880,B,D,B,B+,2020,2021. 1분기
602,361,웅진씽크빅,95720,B,D,B,B,2020,2021. 1분기
603,360,원림,5820,C,D,B,C,2020,2021. 1분기
604,359,원익IPS,240810,B,C,B+,B+,2020,2021. 1분기
605,358,웰바이오텍,10600,B,D,B,B,2020,2021. 1분기
606,357,웹젠,69080,B,D,B,B+,2020,2021. 1분기
607,356,위메이드,112040,B,D,B,B,2020,2021. 1분기
608,355,윌비스,8600,C,D,C,C,2020,2021. 1분기
609,354,유나이티드,33270,B,B,B+,B,2020,2021. 1분기
610,353,유니드,14830,B,B,B,B,2020,2021. 1분기
611,352,유니온,910,C,C,B,C,2020,2021. 1분기
612,351,유니온머티리얼,47400,B,B,B,B,2020,2021. 1분기
613,350,유니켐,11330,B,B,C,B,2020,2021. 1분기
614,349,유니퀘스트,77500,B,D,C,B+,2020,2021. 1분기
615,348,유성기업,2920,C,B,C,C,2020,2021. 1분기
616,347,유수홀딩스,700,B,C,B,B+,2020,2021. 1분기
617,346,유안타증권,3470,B,D,B+,B,2020,2021. 1분기
618,345,유양디앤유,11690,D,C,C,D,2020,2021. 1분기
619,344,유엔젤,72130,C,B,C,C,2020,2021. 1분기
620,343,유유제약,220,B,B,C,B,2020,2021. 1분기
621,342,유진기업,23410,C,C,B+,C,2020,2021. 1분기
622,341,유진투자증권,1200,B,C,B+,B,2020,2021. 1분기
623,340,유한양행,100,B+,B+,B+,B+,2020,2021. 1분기
624,339,유화증권,3460,C,D,C,B,2020,2021. 1분기
625,338,율촌화학,8730,B,C,B+,B+,2020,2021. 1분기
626,337,이건산업,8250,B,C,B,B,2020,2021. 1분기
627,336,이구산업,25820,B,B,C,B,2020,2021. 1분기
628,335,이노션,214320,B+,D,A,A,2020,2021. 1분기
629,334,이녹스첨단소재,272290,C,C,B,B,2020,2021. 1분기
630,333,이니텍,53350,B,D,B,B,2020,2021. 1분기
631,332,이마트,139480,A,A,A+,A,2020,2021. 1분기
632,331,이베스트투자증권,78020,B,D,B,B,2020,2021. 1분기
633,330,이수페타시스,7660,B,B+,B+,C,2020,2021. 1분기
634,329,이수화학,5950,C,B,B,C,2020,2021. 1분기
635,328,이스타코,15020,C,D,C,B,2020,2021. 1분기
636,327,이아이디,93230,D,D,C,C,2020,2021. 1분기
637,326,이연제약,102460,C,D,B,B,2020,2021. 1분기
638,325,이오테크닉스,39030,B,B,B,B,2020,2021. 1분기
639,324,이월드,84680,C,D,C,B,2020,2021. 1분기
640,323,이테크건설,16250,B,B,B+,B,2020,2021. 1분기
641,322,이화산업,760,C,C,C,C,2020,2021. 1분기
642,321,인디에프,14990,C,D,B,B,2020,2021. 1분기
643,320,인선이엔티,60150,C,C,C,B,2020,2021. 1분기
644,319,인스코비,6490,C,B,C,C,2020,2021. 1분기
645,318,인지컨트롤스,23800,C,C,B,C,2020,2021. 1분기
646,317,인천도시가스,34590,B,C,B,B+,2020,2021. 1분기
647,316,인크로스,216050,C,D,C,B,2020,2021. 1분기
648,315,인터지스,129260,B+,B,B,B+,2020,2021. 1분기
649,314,인터플렉스,51370,C,B,B,C,2020,2021. 1분기
650,313,인트론바이오,48530,B,B,C,B,2020,2021. 1분기
651,312,인팩,23810,C,C,C,B,2020,2021. 1분기
652,311,일동제약,249420,A,B+,A+,B+,2020,2021. 1분기
653,310,일동홀딩스,230,B+,B,A,B+,2020,2021. 1분기
654,309,일성건설,13360,B,B,B,B,2020,2021. 1분기
655,308,일성신약,3120,C,D,B,B,2020,2021. 1분기
656,307,일신방직,3200,B,B,B,B,2020,2021. 1분기
657,306,일신석재,7110,C,D,C,B,2020,2021. 1분기
658,305,일양약품,7570,B,D,B,B+,2020,2021. 1분기
659,304,일정실업,8500,C,C,C,C,2020,2021. 1분기
660,303,일진다이아,81000,C,C,B,B,2020,2021. 1분기
661,302,일진디스플,20760,B,B,B,B,2020,2021. 1분기
662,301,일진머티리얼즈,20150,C,B,C,C,2020,2021. 1분기
663,300,일진전기,103590,C,C,B,C,2020,2021. 1분기
664,299,일진홀딩스,15860,B,C,B,B,2020,2021. 1분기
665,298,잇츠한불,226320,B,C,B,B,2020,2021. 1분기
666,297,자화전자,33240,B,B,B+,B,2020,2021. 1분기
667,296,전방,950,C,C,B+,C,2020,2021. 1분기
668,295,전북은행,6350,,,,A,2020,2021. 1분기(금융회사)
669,294,제넥신,95700,B,D,B+,B,2020,2021. 1분기
670,293,제이비우리캐피탈,818905,,,,B+,2020,2021. 1분기(금융회사)
671,292,제이에스코퍼레이션,194370,C,D,C,B+,2020,2021. 1분기
672,291,제이준코스메틱,25620,C,D,C,B,2020,2021. 1분기
673,290,제이콘텐트리,36420,B,D,B,B,2020,2021. 1분기
674,289,제일기획,30000,B+,D,A,B+,2020,2021. 1분기
675,288,제일약품,271980,C,D,B,B,2020,2021. 1분기
676,287,제일연마,1560,C,C,C,B,2020,2021. 1분기
677,286,제일파마홀딩스,2620,B,D,B,B,2020,2021. 1분기
678,285,제주은행,6220,B+,C,A,A,2020,2021. 1분기
679,284,제주항공,89590,B,C,B+,B+,2020,2021. 1분기
680,283,젬백스,82270,D,D,C,D,2020,2021. 1분기
681,282,조광페인트,4910,C,C,B,B,2020,2021. 1분기
682,281,조광피혁,4700,C,D,C,B,2020,2021. 1분기
683,280,조비,1550,C,D,B,B,2020,2021. 1분기
684,279,조선내화,480,C,B,B,C,2020,2021. 1분기
685,278,조선선재,120030,C,D,C,B+,2020,2021. 1분기
686,277,조일알미늄,18470,B,B,C,B,2020,2021. 1분기
687,276,조흥,2600,B,B,C,B,2020,2021. 1분기
688,275,종근당,185750,B,C,B+,B+,2020,2021. 1분기
689,274,종근당바이오,63160,C,B,C,C,2020,2021. 1분기
690,273,종근당홀딩스,1630,C,C,B+,C,2020,2021. 1분기
691,272,주성엔지니어링,36930,B,B,B+,B,2020,2021. 1분기
692,271,주연테크,44380,C,C,B,C,2020,2021. 1분기
693,270,지니뮤직,43610,B,D,B,B+,2020,2021. 1분기
694,269,지엠비코리아,13870,C,C,B,C,2020,2021. 1분기
695,268,지역난방공사,71320,A,B+,A+,B+,2020,2021. 1분기
696,267,지코,10580,C,C,C,C,2020,2021. 1분기
697,266,지투알,35000,B,D,B+,B+,2020,2021. 1분기
698,265,지트리비앤티,115450,C,D,B,B,2020,2021. 1분기
699,264,진도,88790,B,D,B,B,2020,2021. 1분기
700,263,진양산업,3780,C,D,C,B,2020,2021. 1분기
701,262,진양폴리우레탄,10640,C,D,C,B,2020,2021. 1분기
702,261,진양홀딩스,100250,C,D,C,C,2020,2021. 1분기
703,260,진양화학,51630,D,D,C,C,2020,2021. 1분기
704,259,진에어,272450,B+,C,B+,A,2020,2021. 1분기
705,258,진원생명과학,11000,C,D,C,B,2020,2021. 1분기
706,257,진흥기업,2780,C,C,B,B,2020,2021. 1분기
707,256,차바이오텍,85660,C,D,C,B,2020,2021. 1분기
708,255,참엔지니어링,9310,B,B,B,B,2020,2021. 1분기
709,254,천일고속,650,B,C,B,B+,2020,2021. 1분기
710,253,청호컴넷,12600,B,B,C,B,2020,2021. 1분기
711,252,체시스,33250,C,C,B,C,2020,2021. 1분기
712,251,카카오,35720,B+,C,A+,A,2020,2021. 1분기
713,250,카페24,42000,B,D,B,B+,2020,2021. 1분기
714,249,카프로,6380,B+,B+,B,B+,2020,2021. 1분기
715,248,컨버즈,109070,D,C,C,D,2020,2021. 1분기
716,247,컴투스,78340,B,D,B,B+,2020,2021. 1분기
717,246,케어젠,214370,C,D,C,B,2020,2021. 1분기
718,245,케이디비생명보험,807958,,,,B,2020,2021. 1분기(금융회사)
719,244,케이뱅크은행,800172,,,,A+,2020,2021. 1분기(금융회사)
720,243,케이비국민카드,861717,,,,A+,2020,2021. 1분기(금융회사)
721,242,케이비생명보험,805087,,,,A,2020,2021. 1분기(금융회사)
722,241,케이비아이동국실업,1620,C,B,B,C,2020,2021. 1분기
723,240,케이비증권,3450,,,,A,2020,2021. 1분기(금융회사)
724,239,케이씨,29460,B+,B,B,B+,2020,2021. 1분기
725,238,케이씨씨,2380,B+,B+,A,B,2020,2021. 1분기
726,237,케이씨텍,281820,B,B,B,B,2020,2021. 1분기
727,236,케이씨티시,9070,B,B,B,B,2020,2021. 1분기
728,235,케이엠더블유,32500,C,C,C,B+,2020,2021. 1분기
729,234,케이티,30200,A+,A,A,A+,2020,2021. 1분기
730,233,케이티스카이라이프,53210,B+,C,B+,B+,2020,2021. 1분기
731,232,케이티앤지,33780,A,B+,A+,A,2020,2021. 1분기
732,231,코리아써키트,7810,C,B+,B,C,2020,2021. 1분기
733,230,코리아오토글라스,152330,B,B,B,B,2020,2021. 1분기
734,229,코리안리,3690,B,D,B,B+,2020,2021. 1분기
735,228,코미팜,41960,C,D,B,B,2020,2021. 1분기
736,227,코스맥스,192820,B+,B+,B+,B,2020,2021. 1분기
737,226,코스맥스비티아이,44820,B,B,B,B,2020,2021. 1분기
738,225,코스모신소재,5070,B+,B+,B,B+,2020,2021. 1분기
739,224,코스모화학,5420,C,B,C,D,2020,2021. 1분기
740,223,코아스,71950,B+,B,B,B+,2020,2021. 1분기
741,222,코엔텍,29960,C,B,D,B,2020,2021. 1분기
742,221,코오롱,2020,B,C,B+,B,2020,2021. 1분기
743,220,코오롱글로벌,3070,B,C,B,B+,2020,2021. 1분기
744,219,코오롱머티리얼,144620,B,C,B,B+,2020,2021. 1분기
745,218,코오롱생명과학,102940,C,D,B+,D,2020,2021. 1분기
746,217,코오롱인더,120110,B+,B+,B+,B+,2020,2021. 1분기
747,216,코오롱플라스틱,138490,B+,B,B+,B+,2020,2021. 1분기
748,215,코웨이,21240,A,A,A+,B+,2020,2021. 1분기
749,214,코웰패션,33290,C,C,B,C,2020,2021. 1분기
750,213,콜마비앤에이치,200130,C,D,C,B+,2020,2021. 1분기
751,212,콤텍시스템,31820,C,D,B,C,2020,2021. 1분기
752,211,쿠쿠홀딩스,192400,B,D,B,B+,2020,2021. 1분기
753,210,쿠쿠홈시스,284740,C,D,C,C,2020,2021. 1분기
754,209,큐로,15590,C,B,C,C,2020,2021. 1분기
755,208,큐캐피탈,16600,C,D,B,D,2020,2021. 1분기
756,207,크라운제과,264900,B,D,B+,B,2020,2021. 1분기
757,206,크라운해태홀딩스,5740,B,D,B+,B,2020,2021. 1분기
758,205,크리스탈,83790,C,D,C,B,2020,2021. 1분기
759,204,클리오,237880,B,D,B,B+,2020,2021. 1분기
760,203,키다리스튜디오,20120,B,B,B,B,2020,2021. 1분기
761,202,키움증권,39490,B,D,B+,B+,2020,2021. 1분기
762,201,태경산업,15890,B,B,B,B,2020,2021. 1분기
763,200,태경화학,6890,D,D,C,C,2020,2021. 1분기
764,199,태광산업,3240,C,B,B+,D,2020,2021. 1분기
765,198,태림포장,11280,C,B,C,C,2020,2021. 1분기
766,197,태양금속공업,4100,B,B+,B,B,2020,2021. 1분기
767,196,태영건설,9410,B+,B,B+,B+,2020,2021. 1분기
768,195,태원물산,1420,B,B,C,B,2020,2021. 1분기
769,194,태평양물산,7980,C,D,B+,B,2020,2021. 1분기
770,193,테스,95610,B,D,B+,B,2020,2021. 1분기
771,192,테스나,131970,B,C,B,B,2020,2021. 1분기
772,191,테이팩스,55490,B+,B+,B+,B,2020,2021. 1분기
773,190,테크윙,89030,B,C,B,B+,2020,2021. 1분기
774,189,텔코웨어,78000,B,D,B,B,2020,2021. 1분기
775,188,텔콘RF제약,200230,C,D,B,B,2020,2021. 1분기
776,187,토니모리,214420,C,D,C,B+,2020,2021. 1분기
777,186,티비에이치글로벌,84870,B,C,B,B+,2020,2021. 1분기
778,185,티씨케이,64760,B,C,B+,B,2020,2021. 1분기
779,184,티에이치엔,19180,B,B,B,B,2020,2021. 1분기
780,183,티웨이항공,91810,B,C,B,B,2020,2021. 1분기
781,182,티웨이홀딩스,4870,C,D,B,C,2020,2021. 1분기
782,181,티케이케미칼,104480,C,C,B,C,2020,2021. 1분기
783,180,파라다이스,34230,B,D,B+,B+,2020,2021. 1분기
784,179,파멥신,208340,C,D,B,C,2020,2021. 1분기
785,178,파미셀,5690,B,B,C,B,2020,2021. 1분기
786,177,파트론,91700,B,B,B+,B,2020,2021. 1분기
787,176,팜스코,36580,B,D,B+,B+,2020,2021. 1분기
788,175,팬오션,28670,B+,B,B,A,2020,2021. 1분기
789,174,퍼스텍,10820,C,B,B,C,2020,2021. 1분기
790,173,퍼시스,16800,B,B,B,B,2020,2021. 1분기
791,172,펄어비스,263750,B,D,B,B,2020,2021. 1분기
792,171,페이퍼코리아,1020,C,C,B,C,2020,2021. 1분기
793,170,평화산업,90080,B,B,B,B,2020,2021. 1분기
794,169,평화홀딩스,10770,B,C,B,B+,2020,2021. 1분기
795,168,포스코,5490,A,A,B,A+,2020,2021. 1분기
796,167,포스코 ICT,22100,B+,B,A,B+,2020,2021. 1분기
797,166,포스코강판,58430,A,B+,A+,B+,2020,2021. 1분기
798,165,포스코엠텍,9520,B+,B,B+,B+,2020,2021. 1분기
799,164,포스코인터내셔널,47050,A+,A,A+,A+,2020,2021. 1분기
800,163,포스코케미칼,3670,A,A,A+,B+,2020,2021. 1분기
801,162,푸르덴셜생명보험,839185,,,,B,2020,2021. 1분기(금융회사)
802,161,푸본현대생명보험,860086,,,,B+,2020,2021. 1분기(금융회사)
803,160,풀무원,17810,A+,A,A+,A+,2020,2021. 1분기
804,159,풍산,103140,B+,B+,A,B+,2020,2021. 1분기
805,158,풍산홀딩스,5810,B,B,B+,B,2020,2021. 1분기
806,157,필룩스,33180,C,C,B,B,2020,2021. 1분기
807,156,하나금융지주,86790,A,A,A,A,2020,2021. 1분기
808,155,하나금융투자,805992,,,,B+,2020,2021. 1분기(금융회사)
809,154,하나은행,4940,,,,B+,2020,2021. 1분기(금융회사)
810,153,하나제약,293480,B,D,B,B+,2020,2021. 1분기
811,152,하나카드,856659,,,,B+,2020,2021. 1분기(금융회사)
812,151,하나캐피탈,809337,,,,B+,2020,2021. 1분기(금융회사)
813,150,하나투어,39130,B,D,B,B,2020,2021. 1분기
814,149,하림,136480,B,C,B+,B+,2020,2021. 1분기
815,148,하림지주,3380,B+,C,B+,A,2020,2021. 1분기
816,147,하이스틸,71090,B,B,C,B,2020,2021. 1분기
817,146,하이투자증권,814270,,,,A,2020,2021. 1분기(금융회사)
818,145,하이트론씨스템즈,19490,B,D,B,B+,2020,2021. 1분기
819,144,하이트진로,80,B,B,B,B,2020,2021. 1분기
820,143,하이트진로홀딩스,140,B,C,B,B,2020,2021. 1분기
821,142,한국가스공사,36460,A,B+,A+,B+,2020,2021. 1분기
822,141,한국공항,5430,C,D,B,B,2020,2021. 1분기
823,140,한국금융지주,71050,B,D,B+,B+,2020,2021. 1분기
824,139,한국내화,10040,C,C,B,D,2020,2021. 1분기
825,138,한국단자공업,25540,C,C,B,B,2020,2021. 1분기
826,137,한국석유공업,4090,C,C,C,B,2020,2021. 1분기
827,136,한국수출포장공업,2200,B,B,C,B,2020,2021. 1분기
828,135,한국쉘석유,2960,B,C,B+,B,2020,2021. 1분기
829,134,한국스탠다드차타드은행,110,,,,A+,2020,2021. 1분기(금융회사)
830,133,한국씨티은행,16830,,,,B+,2020,2021. 1분기(금융회사)
831,132,한국아트라스비엑스,23890,B+,B,B,B+,2020,2021. 1분기
832,131,한국자산신탁,123890,C,D,B,C,2020,2021. 1분기
833,130,한국전력공사,15760,A,B+,A,A,2020,2021. 1분기
834,129,한국전자홀딩스,6200,C,C,B,C,2020,2021. 1분기
835,128,한국정보인증,53300,B,D,B+,B,2020,2021. 1분기
836,127,한국조선해양,9540,B+,B+,B+,A,2020,2021. 1분기
837,126,한국종합기술,23350,B,B,C,B,2020,2021. 1분기
838,125,한국주강,25890,C,D,C,C,2020,2021. 1분기
839,124,한국주철관공업,970,C,C,C,B,2020,2021. 1분기
840,123,한국철강,104700,C,B+,B,C,2020,2021. 1분기
841,122,한국카본,17960,B+,B,B,B+,2020,2021. 1분기
842,121,한국카카오은행,800197,,,,A,2020,2021. 1분기(금융회사)
843,120,한국캐피탈,23760,B,D,B,B,2020,2021. 1분기
844,119,한국콜마,161890,B+,B,B+,B+,2020,2021. 1분기
845,118,한국콜마홀딩스,24720,B,B,B,B,2020,2021. 1분기
846,117,한국타이어앤테크놀로지,161390,B+,A,A+,B,2020,2021. 1분기
847,116,한국테크놀로지그룹,240,B,B+,B+,B,2020,2021. 1분기
848,115,한국토지신탁,34830,C,D,B,C,2020,2021. 1분기
849,114,한국투자증권,804504,,,,B+,2020,2021. 1분기(금융회사)
850,113,한국특수형강,7280,B,B,B,B,2020,2021. 1분기
851,112,한국프랜지공업,10100,C,B,B+,C,2020,2021. 1분기
852,111,한국항공우주,47810,A,A,A+,A,2020,2021. 1분기
853,110,한국화장품,123690,B,D,B+,B,2020,2021. 1분기
854,109,한국화장품제조,3350,C,D,B,B,2020,2021. 1분기
855,108,한농화성,11500,C,C,C,B,2020,2021. 1분기
856,107,한독,2390,B+,B+,B+,B,2020,2021. 1분기
857,106,한라,14790,B+,B,B+,B+,2020,2021. 1분기
858,105,한라홀딩스,60980,B+,B,B+,A,2020,2021. 1분기
859,104,한미글로벌,53690,B+,B,B+,B+,2020,2021. 1분기
860,103,한미반도체,42700,C,D,C,B,2020,2021. 1분기
861,102,한미사이언스,8930,B,B,B,B,2020,2021. 1분기
862,101,한미약품,128940,A,B+,A+,B+,2020,2021. 1분기
863,100,한샘,9240,B+,B+,A+,B,2020,2021. 1분기
864,99,한섬,20000,A,B+,A,A,2020,2021. 1분기
865,98,한성기업,3680,C,D,B,C,2020,2021. 1분기
866,97,한세실업,105630,B,C,B,B+,2020,2021. 1분기
867,96,한세엠케이,69640,C,C,C,B,2020,2021. 1분기
868,95,한세예스24홀딩스,16450,B,C,B,B,2020,2021. 1분기
869,94,한솔로지스틱스,9180,B+,B,B+,A,2020,2021. 1분기
870,93,한솔제지,213500,A,A,A,A,2020,2021. 1분기
871,92,한솔케미칼,14680,B+,B,B+,B+,2020,2021. 1분기
872,91,한솔테크닉스,4710,B+,B+,B+,A,2020,2021. 1분기
873,90,한솔피엔에스,10420,A,B+,B+,A,2020,2021. 1분기
874,89,한솔홀딩스,4150,A,B+,A,A,2020,2021. 1분기
875,88,한솔홈데코,25750,B+,B,B+,A,2020,2021. 1분기
876,87,한신공영,4960,C,C,B,B,2020,2021. 1분기
877,86,한신기계공업,11700,C,B,C,C,2020,2021. 1분기
878,85,한양증권,1750,C,D,B+,C,2020,2021. 1분기
879,84,한온시스템,18880,B,B,B,B+,2020,2021. 1분기
880,83,한올바이오파마,9420,B,D,B+,B,2020,2021. 1분기
881,82,한익스프레스,14130,C,B,C,D,2020,2021. 1분기
882,81,한일시멘트,300720,B,C,B+,B,2020,2021. 1분기
883,80,한일철강,2220,D,D,D,C,2020,2021. 1분기
884,79,한일현대시멘트,6390,B+,B,B+,B+,2020,2021. 1분기
885,78,한일홀딩스,3300,B,D,B+,B+,2020,2021. 1분기
886,77,한전KPS,51600,B+,B+,A,B+,2020,2021. 1분기
887,76,한전기술,52690,B+,B+,A,B+,2020,2021. 1분기
888,75,한전산업,130660,B+,B,B+,B+,2020,2021. 1분기
889,74,한진,2320,B,B,C,B+,2020,2021. 1분기
890,73,한진중공업,97230,B,B,B,B+,2020,2021. 1분기
891,72,한진중공업홀딩스,3480,B,D,C,B+,2020,2021. 1분기
892,71,한진칼,180640,B+,B,B,A,2020,2021. 1분기
893,70,한창,5110,C,D,B,C,2020,2021. 1분기
894,69,한창제지,9460,B,B,C,B,2020,2021. 1분기
895,68,한화,880,A,B+,A,A,2020,2021. 1분기
896,67,한화생명,88350,A,A,A+,B+,2020,2021. 1분기
897,66,한화손해보험,370,B+,B,A,B,2020,2021. 1분기
898,65,한화솔루션,9830,B+,A,A,B,2020,2021. 1분기
899,64,한화에어로스페이스,12450,A,A,A,A,2020,2021. 1분기
900,63,한화투자증권,3530,B+,B,A,B+,2020,2021. 1분기
901,62,해성디에스,195870,A,A,A,A,2020,2021. 1분기
902,61,해태제과식품,101530,B,D,B+,B,2020,2021. 1분기
903,60,핸즈코퍼레이션,143210,B,B,B,B+,2020,2021. 1분기
904,59,헬릭스미스,84990,B,D,C,B+,2020,2021. 1분기
905,58,현대건설,720,A,A+,A,A,2020,2021. 1분기
906,57,현대건설기계,267270,A,B+,A,A,2020,2021. 1분기
907,56,현대그린푸드,5440,A,B+,A,A,2020,2021. 1분기
908,55,현대글로비스,86280,A,A,A+,A,2020,2021. 1분기
909,54,현대로템,64350,B+,B,A,B+,2020,2021. 1분기
910,53,현대리바트,79430,A,B,A,A,2020,2021. 1분기
911,52,현대모비스,12330,A,B+,A+,A,2020,2021. 1분기
912,51,현대미포조선,10620,A,A,A+,A,2020,2021. 1분기
913,50,현대백화점,69960,A,B+,A,A,2020,2021. 1분기
914,49,현대비앤지스틸,4560,B+,B+,A,B+,2020,2021. 1분기
915,48,현대약품,4310,B,B,B+,B,2020,2021. 1분기
916,47,현대에이치씨엔,126560,B+,C,A,A,2020,2021. 1분기
917,46,현대엘리베이터,17800,A,B+,A,A,2020,2021. 1분기
918,45,현대위아,11210,A,A,A+,A,2020,2021. 1분기
919,44,현대일렉트릭,267260,A,A,A+,A,2020,2021. 1분기
920,43,현대자동차,5380,A,A,A+,A,2020,2021. 1분기
921,42,현대제철,4020,B+,B+,A,B+,2020,2021. 1분기
922,41,현대종합상사,11760,B,D,B,B,2020,2021. 1분기
923,40,현대중공업지주,267250,A,B+,A,A,2020,2021. 1분기
924,39,현대차증권,1500,A,B,A+,A,2020,2021. 1분기
925,38,현대카드,815419,,,,A,2020,2021. 1분기(금융회사)
926,37,현대캐피탈,836248,,,,A+,2020,2021. 1분기(금융회사)
927,36,현대커머셜,888975,,,,A,2020,2021. 1분기(금융회사)
928,35,현대코퍼레이션홀딩스,227840,C,D,C,B,2020,2021. 1분기
929,34,현대해상,1450,A,B+,A,A,2020,2021. 1분기
930,33,현대홈쇼핑,57050,A,A,A,A,2020,2021. 1분기
931,32,형지엘리트,93240,C,D,B,C,2020,2021. 1분기
932,31,혜인,3010,C,B,C,C,2020,2021. 1분기
933,30,호전실업,111110,C,D,C,B+,2020,2021. 1분기
934,29,호텔신라,8770,A,A,A,A,2020,2021. 1분기
935,28,화성산업,2460,B,C,B,B+,2020,2021. 1분기
936,27,화승알앤에이,13520,B+,B+,B+,B+,2020,2021. 1분기
937,26,화승엔터프라이즈,241590,B+,B+,B,A,2020,2021. 1분기
938,25,화승인더스트리,6060,B,B,B,B+,2020,2021. 1분기
939,24,화신,10690,C,D,B+,B,2020,2021. 1분기
940,23,화인베스틸,133820,B,B,C,B,2020,2021. 1분기
941,22,화천기계,10660,C,B,B,C,2020,2021. 1분기
942,21,화천기공,850,C,D,C,B,2020,2021. 1분기
943,20,환인제약,16580,B,D,B+,B+,2020,2021. 1분기
944,19,황금에스티,32560,D,D,C,C,2020,2021. 1분기
945,18,효성,4800,B+,A,A+,B,2020,2021. 1분기
946,17,효성 ITX,94280,B+,C,B+,B+,2020,2021. 1분기
947,16,효성중공업,298040,A,A,A+,A,2020,2021. 1분기
948,15,효성첨단소재,298050,A+,A+,A+,A,2020,2021. 1분기
949,14,효성티앤씨,298020,A+,A+,A+,A,2020,2021. 1분기
950,13,효성화학,298000,A+,A+,A+,A,2020,2021. 1분기
951,12,후성,93370,C,B,C,C,2020,2021. 1분기
952,11,휠라홀딩스,81660,B+,B,B+,B+,2020,2021. 1분기
953,10,휴니드테크놀러지스,5870,C,C,B,B,2020,2021. 1분기
954,9,휴비스,79980,B+,B+,B+,B+,2020,2021. 1분기
955,8,휴스틸,5010,C,B,B,C,2020,2021. 1분기
956,7,휴온스,243070,B,D,B+,B,2020,2021. 1분기
957,6,휴온스글로벌,84110,B,D,B+,B,2020,2021. 1분기
958,5,휴젤,145020,C,C,C,B,2020,2021. 1분기
959,4,휴켐스,69260,C,B,B+,C,2020,2021. 1분기
960,3,흥국생명보험,818586,,,,B,2020,2021. 1분기(금융회사)
961,2,흥국화재,540,B,D,A,B,2020,2021. 1분기
962,1,흥아해운,3280,D,D,C,D,2020,2021. 1분기
